day,susceptible,infected,immune,died,severely_ill,icu_beds_available,died_because_of_no_bed,excess_mortality,infected_today,recovered_today,died_today,reaction,infection_rate
0,3999990,10,0,0,0,7312,0,0,10,0,0,preparing to distance at 2,0.35214285714285715
1,3999986,14,0,0,0,7312,0,0,4,0,0,preparing to distance at 2,0.35214285714285715
2,3999985,15,0,0,0,7312,0,0,1,0,0,preparing to distance at 4,0.07214285714285715
3,3999984,16,0,0,0,7312,0,0,1,0,0,preparing to distance at 4,0.07214285714285715
4,3999983,17,0,0,0,7312,0,0,1,0,0,preparing to distance at 6,0.07214285714285715
5,3999982,18,0,0,0,7312,0,0,1,0,0,preparing to distance at 6,0.07214285714285715
6,3999981,19,0,0,0,7312,0,0,1,0,0,preparing to distance at 8,0.07214285714285715
7,3999980,20,0,0,0,7312,0,0,1,0,0,preparing to distance at 8,0.07214285714285715
8,3999979,21,0,0,0,7312,0,0,1,0,0,preparing to relax at 10,0.07214285714285715
9,3999977,23,0,0,0,7312,0,0,2,0,0,preparing to relax at 10,0.07214285714285715
10,3999969,31,0,0,0,7312,0,0,8,0,0,preparing to distance at 12,0.35214285714285715
11,3999958,42,0,0,0,7312,0,0,11,0,0,preparing to distance at 12,0.35214285714285715
12,3999955,45,0,0,0,7312,0,0,3,0,0,preparing to distance at 14,0.07214285714285715
13,3999952,48,0,0,0,7312,0,0,3,0,0,preparing to distance at 14,0.07214285714285715
14,3999949,41,10,0,0,7312,0,0,3,10,0,preparing to distance at 16,0.07214285714285715
15,3999946,40,14,0,0,7312,0,0,3,4,0,preparing to distance at 16,0.07214285714285715
16,3999943,42,15,0,0,7312,0,0,3,1,0,preparing to distance at 18,0.07214285714285715
17,3999940,44,16,0,0,7312,0,0,3,1,0,preparing to distance at 18,0.07214285714285715
18,3999937,46,17,0,0,7312,0,0,3,1,0,preparing to relax at 20,0.07214285714285715
19,3999934,48,18,0,0,7312,0,0,3,1,0,preparing to relax at 20,0.07214285714285715
20,3999917,64,19,0,0,7312,0,0,17,1,0,preparing to distance at 22,0.35214285714285715
21,3999895,85,20,0,0,7312,0,0,22,1,0,preparing to distance at 22,0.35214285714285715
22,3999889,90,21,0,0,7312,0,0,6,1,0,preparing to relax at 24,0.07214285714285715
23,3999883,94,23,0,0,7312,0,0,6,2,0,preparing to relax at 24,0.07214285714285715
24,3999853,116,31,0,1,7311,0,0,30,8,0,preparing to distance at 26,0.35214285714285715
25,3999816,142,42,0,2,7310,0,0,37,11,0,preparing to distance at 26,0.35214285714285715
26,3999806,149,45,0,2,7310,0,0,10,3,0,preparing to distance at 28,0.07214285714285715
27,3999795,157,48,0,2,7310,0,0,11,3,0,preparing to distance at 28,0.07214285714285715
28,3999784,165,51,0,2,7310,0,0,11,3,0,preparing to relax at 30,0.07214285714285715
29,3999772,174,54,0,2,7310,0,0,12,3,0,preparing to relax at 30,0.07214285714285715
30,3999712,231,57,0,4,7308,0,0,60,3,0,preparing to distance at 32,0.35214285714285715
31,3999632,308,60,0,6,7306,0,0,80,3,0,preparing to distance at 32,0.35214285714285715
32,3999610,327,63,0,6,7306,0,0,22,3,0,preparing to relax at 34,0.07214285714285715
33,3999587,347,66,0,6,7306,0,0,23,3,0,preparing to relax at 34,0.07214285714285715
34,3999471,446,83,0,10,7302,0,0,116,17,0,preparing to distance at 36,0.35214285714285715
35,3999322,573,105,0,15,7297,0,0,149,22,0,preparing to distance at 36,0.35214285714285715
36,3999281,608,111,0,16,7296,0,0,41,6,0,preparing to distance at 38,0.07214285714285715
37,3999238,645,117,0,17,7295,0,0,43,6,0,preparing to distance at 38,0.07214285714285715
38,3999194,659,148,0,17,7295,0,0,44,31,0,preparing to relax at 40,0.07214285714285715
39,3999149,667,186,0,17,7295,0,0,45,38,0,preparing to relax at 40,0.07214285714285715
40,3998918,888,196,0,25,7287,0,0,231,10,0,preparing to distance at 42,0.35214285714285715
41,3998609,1186,207,0,35,7277,0,0,309,11,0,preparing to distance at 42,0.35214285714285715
42,3998524,1260,218,0,37,7275,0,0,85,11,0,preparing to relax at 44,0.07214285714285715
43,3998434,1338,230,0,40,7272,0,0,90,12,0,preparing to relax at 44,0.07214285714285715
44,3997984,1728,291,1,53,7259,0,0,450,61,1,preparing to distance at 46,0.35214285714285715
45,3997404,2228,372,2,71,7241,0,0,580,81,1,preparing to distance at 46,0.35214285714285715
46,3997245,2365,394,2,76,7236,0,0,159,22,0,preparing to distance at 48,0.07214285714285715
47,3997076,2511,417,2,81,7231,0,0,169,23,0,preparing to distance at 48,0.07214285714285715
48,3996903,2568,536,3,83,7229,0,0,173,119,1,preparing to relax at 50,0.07214285714285715
49,3996728,2594,688,5,84,7228,0,0,175,152,2,preparing to relax at 50,0.07214285714285715
50,3995829,3452,730,5,114,7198,0,0,899,42,0,preparing to distance at 52,0.35214285714285715
51,3994629,4609,774,5,155,7157,0,0,1200,44,0,preparing to distance at 52,0.35214285714285715
52,3994300,4894,819,5,165,7147,0,0,329,45,0,preparing to relax at 54,0.07214285714285715
53,3993950,5199,865,5,176,7136,0,0,350,46,0,preparing to relax at 54,0.07214285714285715
54,3992201,6717,1102,7,229,7083,0,0,1749,237,2,preparing to distance at 56,0.35214285714285715
55,3989944,8665,1418,10,297,7015,0,0,2257,316,3,preparing to distance at 56,0.35214285714285715
56,3989325,9199,1504,11,316,6996,0,0,619,86,1,preparing to distance at 58,0.07214285714285715
57,3988668,9766,1596,12,335,6977,0,0,657,92,1,preparing to distance at 58,0.07214285714285715
58,3987996,9988,2056,17,343,6969,0,0,672,460,5,preparing to relax at 60,0.07214285714285715
59,3987317,10087,2650,23,346,6966,0,0,679,594,6,preparing to relax at 60,0.07214285714285715
60,3983821,13424,2812,25,463,6849,0,0,3496,162,2,preparing to distance at 62,0.35214285714285715
61,3979153,17923,2984,27,621,6691,0,0,4668,172,2,preparing to distance at 62,0.35214285714285715
62,3977872,19031,3161,29,659,6652,0,0,1281,177,2,preparing to relax at 64,0.07214285714285715
63,3976512,20216,3340,31,700,6610,0,0,1360,179,2,preparing to relax at 64,0.07214285714285715
64,3969710,26119,4261,40,907,6403,0,0,6802,921,9,preparing to distance at 66,0.35214285714285715
65,3960935,33694,5491,52,1172,6138,0,0,8775,1230,12,preparing to distance at 66,0.35214285714285715
66,3958528,35772,5828,55,1245,6065,0,0,2407,337,3,preparing to distance at 68,0.07214285714285715
67,3955973,37977,6186,59,1322,5988,0,0,2555,358,4,preparing to distance at 68,0.07214285714285715
68,3953359,38842,7978,77,1352,5956,0,0,2614,1792,18,preparing to relax at 70,0.07214285714285715
69,3950720,39224,10290,100,1366,5940,0,0,2639,2312,23,preparing to relax at 70,0.07214285714285715
70,3937126,52199,10924,106,1820,5486,0,0,13594,634,6,preparing to distance at 72,0.35214285714285715
71,3918976,69692,11596,113,2433,4873,0,0,18150,672,7,preparing to distance at 72,0.35214285714285715
72,3913997,73999,12284,120,2584,4718,0,0,4979,688,7,distancing,0.07214285714285715
73,3908707,78610,12979,127,2746,4551,0,0,5290,695,7,distancing,0.07214285714285715
74,3903288,80533,16561,163,2813,4483,0,0,5419,3582,36,preparing to distance at 76,0.07214285714285715
75,3897815,81338,21344,211,2841,4454,0,0,5473,4783,48,preparing to distance at 76,0.07214285714285715
76,3892039,85833,22656,224,2999,4296,0,0,5776,1312,13,preparing to distance at 78,0.07214285714285715
77,3885945,90567,24049,238,3165,4130,0,0,6094,1393,14,preparing to distance at 78,0.07214285714285715
78,3879902,89808,31019,308,3138,4149,0,0,6043,6970,70,distancing,0.07214285714285715
79,3874056,86879,40010,399,3035,4242,0,0,5846,8991,91,distancing,0.07214285714285715
80,3867962,90566,42476,424,3164,4111,0,0,6094,2466,25,distancing,0.07214285714285715
81,3861613,94360,45094,450,3297,3975,0,0,6349,2618,26,distancing,0.07214285714285715
82,3854994,98365,47772,477,3437,3822,0,0,6619,2678,27,distancing,0.07214285714285715
83,3848088,102632,50476,504,3586,3655,0,0,6906,2704,27,distancing,0.07214285714285715
84,3841665,95461,64404,645,3335,3901,0,0,6423,13928,141,distancing,0.07214285714285715
85,3836088,82888,83001,833,2895,4336,0,0,5577,18597,188,distancing,0.07214285714285715
86,3830467,83530,88102,885,2917,4312,0,0,5621,5101,52,distancing,0.07214285714285715
87,3824823,83884,93522,940,2929,4299,0,0,5644,5420,55,distancing,0.07214285714285715
88,3819162,84126,99074,996,2938,4260,0,0,5661,5552,56,distancing,0.07214285714285715
89,3813488,84327,104681,1053,2945,4212,0,0,5674,5607,57,distancing,0.07214285714285715
90,3807821,84218,110599,1113,2941,4206,0,0,5667,5918,60,distancing,0.07214285714285715
91,3802185,83760,116843,1176,2925,4211,0,0,5636,6244,63,distancing,0.07214285714285715
92,3796578,83324,123034,1239,2910,4173,0,0,5607,6191,63,distancing,0.07214285714285715
93,3790989,83067,129024,1299,2901,4114,0,0,5589,5990,60,distancing,0.07214285714285715
94,3785436,82526,135268,1362,2882,4114,0,0,5553,6244,63,distancing,0.07214285714285715
95,3779940,81673,141773,1428,2852,4125,0,0,5496,6505,66,distancing,0.07214285714285715
96,3774525,80469,148555,1496,2810,4159,0,0,5415,6782,68,distancing,0.07214285714285715
97,3769218,78870,155631,1567,2754,4212,0,0,5307,7076,71,distancing,0.07214285714285715
98,3763991,77674,162212,1633,2712,4137,0,0,5227,6581,66,distancing,0.07214285714285715
99,3758790,77298,167926,1691,2699,3992,0,0,5201,5714,58,distancing,0.07214285714285715
100,3753619,76848,173685,1749,2683,3970,0,0,5171,5759,58,distancing,0.07214285714285715
101,3748482,76341,179468,1807,2665,3947,0,0,5137,5783,58,distancing,0.07214285714285715
102,3743383,75779,185268,1866,2645,3760,0,0,5099,5800,59,distancing,0.07214285714285715
103,3738325,75163,191081,1925,2624,3516,0,0,5058,5813,59,distancing,0.07214285714285715
104,3733311,74510,196887,1984,2601,3466,0,0,5014,5806,59,distancing,0.07214285714285715
105,3728342,73843,202662,2042,2577,3413,0,0,4969,5775,58,distancing,0.07214285714285715
106,3723419,73159,208407,2100,2553,3407,0,0,4923,5745,58,distancing,0.07214285714285715
107,3718544,72445,214133,2158,2528,3418,0,0,4875,5726,58,distancing,0.07214285714285715
108,3713718,71718,219823,2215,2502,2990,0,0,4826,5690,57,distancing,0.07214285714285715
109,3708941,70999,225454,2272,2477,2402,0,0,4777,5631,57,distancing,0.07214285714285715
110,3704210,70315,231002,2328,2453,2275,0,0,4731,5548,56,distancing,0.07214285714285715
111,3699520,69698,236439,2383,2432,2134,0,0,4690,5437,55,distancing,0.07214285714285715
112,3694869,69122,241794,2437,2412,2087,0,0,4651,5355,54,distancing,0.07214285714285715
113,3690258,68532,247123,2491,2391,2080,0,0,4611,5329,54,distancing,0.07214285714285715
114,3685687,67932,252420,2545,2370,1943,0,0,4571,5297,54,distancing,0.07214285714285715
115,3681157,67325,257683,2598,2349,1798,0,0,4530,5263,53,distancing,0.07214285714285715
116,3676668,66715,262907,2651,2328,1846,0,0,4489,5224,53,distancing,0.07214285714285715
117,3672220,66105,268090,2703,2306,1971,0,0,4448,5183,52,distancing,0.07214285714285715
118,3667813,65498,273227,2755,2285,1863,0,0,4407,5137,52,distancing,0.07214285714285715
119,3663446,64896,278318,2806,2264,1751,0,0,4367,5091,51,distancing,0.07214285714285715
120,3659119,64300,283362,2857,2243,1632,0,0,4327,5044,51,distancing,0.07214285714285715
121,3654832,63712,288357,2907,2223,1503,0,0,4287,4995,50,distancing,0.07214285714285715
122,3650584,63134,293301,2957,2203,1774,0,0,4248,4944,50,distancing,0.07214285714285715
123,3646374,62567,298196,3006,2183,2234,0,0,4210,4895,49,distancing,0.07214285714285715
124,3642202,62008,303043,3055,2164,2231,0,0,4172,4847,49,distancing,0.07214285714285715
125,3638067,61453,307848,3104,2144,2239,0,0,4135,4805,49,distancing,0.07214285714285715
126,3633969,60900,312613,3152,2125,2249,0,0,4098,4765,48,distancing,0.07214285714285715
127,3629908,60350,317337,3200,2106,2261,0,0,4061,4724,48,distancing,0.07214285714285715
128,3625884,59803,322020,3247,2087,2284,0,0,4024,4683,47,distancing,0.07214285714285715
129,3621896,59261,326661,3294,2068,2319,0,0,3988,4641,47,preparing to relax at 131,0.07214285714285715
130,3617945,58723,331261,3340,2049,2353,0,0,3951,4600,46,preparing to relax at 131,0.07214285714285715
131,3598832,73388,335818,3386,2562,1849,0,0,19113,4557,46,preparing to distance at 133,0.35214285714285715
132,3574541,93272,340333,3432,3258,1172,0,0,24291,4515,46,preparing to distance at 133,0.35214285714285715
133,3568127,95319,344807,3477,3330,1130,0,0,6414,4474,45,distancing,0.07214285714285715
134,3561563,97556,349240,3522,3408,1094,0,0,6564,4433,45,distancing,0.07214285714285715
135,3554834,99998,353633,3566,3493,1065,0,0,6729,4393,44,distancing,0.07214285714285715
136,3547926,102658,357985,3610,3586,1014,0,0,6908,4352,44,distancing,0.07214285714285715
137,3540824,105550,362298,3654,3687,926,0,0,7102,4313,44,distancing,0.07214285714285715
138,3533510,108692,366573,3697,3796,833,0,0,7314,4275,43,distancing,0.07214285714285715
139,3525967,112100,370809,3740,3916,731,0,0,7543,4236,43,distancing,0.07214285714285715
140,3518175,115794,375008,3782,4045,622,0,0,7792,4199,42,distancing,0.07214285714285715
141,3510114,119794,379169,3824,4185,503,0,0,8061,4161,42,distancing,0.07214285714285715
142,3501762,124122,383291,3866,4337,374,0,0,8352,4122,42,distancing,0.07214285714285715
143,3493095,128801,387377,3907,4501,234,0,0,8667,4086,41,distancing,0.07214285714285715
144,3484088,133857,391425,3948,4678,81,0,0,9007,4048,41,distancing,0.07214285714285715
145,3475810,123022,411008,4146,4299,485,0,0,8278,19583,198,distancing,0.07214285714285715
146,3468687,105854,435898,4397,3698,1112,0,0,7123,24890,251,distancing,0.07214285714285715
147,3461513,106614,442470,4463,3725,1110,0,0,7174,6572,66,distancing,0.07214285714285715
148,3454295,107268,449195,4531,3748,1111,0,0,7218,6725,68,distancing,0.07214285714285715
149,3447042,107792,456089,4601,3766,1114,0,0,7253,6894,70,distancing,0.07214285714285715
150,3439764,108162,463167,4672,3779,1121,0,0,7278,7078,71,distancing,0.07214285714285715
151,3432473,108351,470444,4745,3786,1135,0,0,7291,7277,73,distancing,0.07214285714285715
152,3425184,108326,477937,4821,3786,1156,0,0,7289,7493,76,distancing,0.07214285714285715
153,3417913,108054,485666,4899,3776,1187,0,0,7271,7729,78,distancing,0.07214285714285715
154,3410680,107495,493649,4980,3757,1227,0,0,7233,7983,81,distancing,0.07214285714285715
155,3403507,106607,501909,5063,3726,1280,0,0,7173,8260,83,distancing,0.07214285714285715
156,3396419,105343,510467,5149,3682,1345,0,0,7088,8558,86,distancing,0.07214285714285715
157,3389445,103650,519347,5239,3623,1425,0,0,6974,8880,90,distancing,0.07214285714285715
158,3382617,101471,528576,5332,3546,1523,0,0,6828,9229,93,distancing,0.07214285714285715
159,3375894,99916,537057,5418,3492,1597,0,0,6723,8481,86,distancing,0.07214285714285715
160,3369200,99487,544355,5492,3477,1632,0,0,6694,7298,74,distancing,0.07214285714285715
161,3362540,98973,551706,5566,3459,1670,0,0,6660,7351,74,distancing,0.07214285714285715
162,3355921,98374,559101,5641,3438,1710,0,0,6619,7395,75,distancing,0.07214285714285715
163,3349347,97695,566532,5716,3415,1753,0,0,6574,7431,75,distancing,0.07214285714285715
164,3342824,96940,573989,5791,3389,1798,0,0,6523,7457,75,distancing,0.07214285714285715
165,3336356,96117,581460,5866,3360,1846,0,0,6468,7471,75,distancing,0.07214285714285715
166,3329948,95236,588929,5941,3329,1896,0,0,6408,7469,75,distancing,0.07214285714285715
167,3323602,94311,596379,6016,3297,1947,0,0,6346,7450,75,distancing,0.07214285714285715
168,3317320,93360,603790,6091,3263,2000,0,0,6282,7411,75,distancing,0.07214285714285715
169,3311102,92405,611140,6165,3229,1521,0,0,6218,7350,74,distancing,0.07214285714285715
170,3304947,91472,618403,6238,3196,858,0,0,6155,7263,73,distancing,0.07214285714285715
171,3298851,90594,625549,6310,3165,817,0,0,6096,7146,72,distancing,0.07214285714285715
172,3292808,89809,632544,6381,3138,766,0,0,6043,6995,71,distancing,0.07214285714285715
173,3286814,89080,639432,6451,3112,707,0,0,5994,6888,70,distancing,0.07214285714285715
174,3280870,88330,646291,6520,3086,640,0,0,5944,6859,69,distancing,0.07214285714285715
175,3274978,87562,653115,6589,3059,566,0,0,5892,6824,69,distancing,0.07214285714285715
176,3269139,86782,659897,6657,3032,484,0,0,5839,6782,68,distancing,0.07214285714285715
177,3263353,85994,666633,6725,3004,392,0,0,5786,6736,68,distancing,0.07214285714285715
178,3257620,85204,673316,6793,2976,291,0,0,5733,6683,68,distancing,0.07214285714285715
179,3251940,84416,679943,6860,2948,179,0,0,5680,6627,67,distancing,0.07214285714285715
180,3246312,83636,686509,6926,2920,55,0,0,5628,6566,66,distancing,0.07214285714285715
181,3240736,82866,693011,6992,2893,27,0,0,5576,6502,66,distancing,0.07214285714285715
182,3235211,82109,699447,7057,2867,26,0,0,5525,6436,65,distancing,0.07214285714285715
183,3229736,81366,705818,7121,2841,431,0,0,5475,6371,64,distancing,0.07214285714285715
184,3224310,80637,712124,7185,2815,1058,0,0,5426,6306,64,distancing,0.07214285714285715
185,3218932,79919,718370,7248,2790,1056,0,0,5378,6246,63,distancing,0.07214285714285715
186,3213602,79206,724561,7311,2765,1058,0,0,5330,6191,63,distancing,0.07214285714285715
187,3208320,78494,730702,7373,2740,1065,0,0,5282,6141,62,distancing,0.07214285714285715
188,3203086,77784,736792,7435,2715,1077,0,0,5234,6090,62,distancing,0.07214285714285715
189,3197900,77078,742829,7496,2690,1095,0,0,5186,6037,61,distancing,0.07214285714285715
190,3192761,76378,748812,7556,2665,1120,0,0,5139,5983,60,distancing,0.07214285714285715
191,3187668,75685,754740,7616,2641,1154,0,0,5093,5928,60,distancing,0.07214285714285715
192,3182621,74999,760614,7675,2617,1197,0,0,5047,5874,59,distancing,0.07214285714285715
193,3177620,74320,766433,7734,2594,1251,0,0,5001,5819,59,distancing,0.07214285714285715
194,3172664,73648,772199,7792,2571,1318,0,0,4956,5766,58,distancing,0.07214285714285715
195,3167753,72983,777912,7850,2547,1292,0,0,4911,5713,58,distancing,0.07214285714285715
196,3162886,72325,783573,7907,2524,1242,0,0,4867,5661,57,distancing,0.07214285714285715
197,3158063,71673,789182,7964,2501,1319,0,0,4823,5609,57,distancing,0.07214285714285715
198,3153284,71026,794741,8020,2479,1356,0,0,4779,5559,56,distancing,0.07214285714285715
199,3148548,70384,800251,8076,2456,1397,0,0,4736,5510,56,distancing,0.07214285714285715
200,3143855,69747,805712,8131,2434,1440,0,0,4693,5461,55,distancing,0.07214285714285715
201,3139204,69116,811123,8186,2412,1485,0,0,4651,5411,55,distancing,0.07214285714285715
202,3134595,68491,816486,8240,2390,1533,0,0,4609,5363,54,distancing,0.07214285714285715
203,3130028,67872,821799,8294,2368,1584,0,0,4567,5313,54,distancing,0.07214285714285715
204,3125502,67259,827064,8347,2347,1636,0,0,4526,5265,53,distancing,0.07214285714285715
205,3121017,66651,832282,8400,2325,1690,0,0,4485,5218,53,distancing,0.07214285714285715
206,3116573,66048,837453,8452,2304,1745,0,0,4444,5171,52,distancing,0.07214285714285715
207,3112169,65451,842577,8504,2283,1800,0,0,4404,5124,52,distancing,0.07214285714285715
208,3107805,64859,847655,8555,2262,1854,0,0,4364,5078,51,distancing,0.07214285714285715
209,3103480,64273,852686,8606,2242,1905,0,0,4325,5031,51,distancing,0.07214285714285715
210,3099194,63692,857673,8656,2222,1952,0,0,4286,4987,50,distancing,0.07214285714285715
211,3094947,63116,862614,8706,2202,1998,0,0,4247,4941,50,distancing,0.07214285714285715
212,3090738,62546,867511,8755,2182,2044,0,0,4209,4897,49,distancing,0.07214285714285715
213,3086567,61981,872363,8804,2162,2091,0,0,4171,4852,49,distancing,0.07214285714285715
214,3082434,61421,877171,8853,2142,2138,0,0,4133,4808,49,distancing,0.07214285714285715
215,3078338,60866,881936,8901,2123,2185,0,0,4096,4765,48,distancing,0.07214285714285715
216,3074279,60316,886658,8949,2104,2232,0,0,4059,4722,48,distancing,0.07214285714285715
217,3070257,59771,891337,8996,2085,2279,0,0,4022,4679,47,distancing,0.07214285714285715
218,3066271,59231,895974,9043,2066,2326,0,0,3986,4637,47,preparing to relax at 220,0.07214285714285715
219,3062321,58696,900569,9089,2048,2371,0,0,3950,4595,46,preparing to relax at 220,0.07214285714285715
220,3043217,73356,905122,9135,2561,1884,0,0,19104,4553,46,preparing to distance at 222,0.35214285714285715
221,3018936,93233,909634,9181,3256,1215,0,0,24281,4512,46,preparing to distance at 222,0.35214285714285715
222,3012525,95280,914105,9226,3328,1169,0,0,6411,4471,45,distancing,0.07214285714285715
223,3005963,97517,918536,9271,3406,1116,0,0,6562,4431,45,distancing,0.07214285714285715
224,2999237,99957,922928,9315,3491,1056,0,0,6726,4392,44,distancing,0.07214285714285715
225,2992332,102615,927279,9359,3584,988,0,0,6905,4351,44,distancing,0.07214285714285715
226,2985233,105505,931591,9403,3685,912,0,0,7099,4312,44,distancing,0.07214285714285715
227,2977922,108645,935864,9446,3795,827,0,0,7311,4273,43,distancing,0.07214285714285715
228,2970382,112052,940098,9489,3914,733,0,0,7540,4234,43,distancing,0.07214285714285715
229,2962594,115744,944295,9531,4043,628,0,0,7788,4197,42,distancing,0.07214285714285715
230,2954537,119742,948454,9573,4182,513,0,0,8057,4159,42,distancing,0.07214285714285715
231,2946189,124068,952574,9615,4334,384,0,0,8348,4120,42,distancing,0.07214285714285715
232,2937526,128745,956658,9656,4498,243,0,0,8663,4084,41,distancing,0.07214285714285715
233,2928523,133798,960705,9697,4675,90,0,0,9003,4047,41,distancing,0.07214285714285715
234,2920249,122968,980279,9895,4296,492,0,0,8274,19574,198,distancing,0.07214285714285715
235,2913129,105807,1005158,10146,3696,1115,0,0,7120,24879,251,distancing,0.07214285714285715
236,2905958,106567,1011727,10212,3722,1111,0,0,7171,6569,66,distancing,0.07214285714285715
237,2898743,107220,1018450,10280,3745,1111,0,0,7215,6723,68,distancing,0.07214285714285715
238,2891493,107744,1025341,10350,3763,1115,0,0,7250,6891,70,distancing,0.07214285714285715
239,2884218,108114,1032416,10421,3776,1124,0,0,7275,7075,71,distancing,0.07214285714285715
240,2876930,108303,1039690,10494,3783,1139,0,0,7288,7274,73,distancing,0.07214285714285715
241,2869644,108278,1047180,10570,3783,1161,0,0,7286,7490,76,distancing,0.07214285714285715
242,2862376,108006,1054905,10648,3774,1191,0,0,7268,7725,78,distancing,0.07214285714285715
243,2855146,107448,1062884,10729,3755,1232,0,0,7230,7979,81,distancing,0.07214285714285715
244,2847976,106561,1071139,10812,3724,1284,0,0,7170,8255,83,distancing,0.07214285714285715
245,2840891,105298,1079693,10898,3679,1350,0,0,7085,8554,86,distancing,0.07214285714285715
246,2833919,103607,1088569,10988,3620,1430,0,0,6972,8876,90,distancing,0.07214285714285715
247,2827094,101429,1097794,11081,3543,1527,0,0,6825,9225,93,distancing,0.07214285714285715
248,2820374,99875,1106271,11167,3489,1601,0,0,6720,8477,86,distancing,0.07214285714285715
249,2813682,99447,1113566,11241,3474,1636,0,0,6692,7295,74,distancing,0.07214285714285715
250,2807025,98933,1120913,11315,3456,1674,0,0,6657,7347,74,distancing,0.07214285714285715
251,2800408,98335,1128305,11390,3435,1715,0,0,6617,7392,75,distancing,0.07214285714285715
252,2793837,97656,1135733,11465,3411,1759,0,0,6571,7428,75,distancing,0.07214285714285715
253,2787317,96901,1143187,11540,3385,1804,0,0,6520,7454,75,distancing,0.07214285714285715
254,2780852,96078,1150655,11615,3356,1852,0,0,6465,7468,75,distancing,0.07214285714285715
255,2774446,95198,1158121,11690,3325,1902,0,0,6406,7466,75,distancing,0.07214285714285715
256,2768102,94274,1165568,11765,3293,1953,0,0,6344,7447,75,distancing,0.07214285714285715
257,2761822,93324,1172976,11840,3259,2005,0,0,6280,7408,75,distancing,0.07214285714285715
258,2755607,92369,1180322,11914,3226,1525,0,0,6215,7346,74,distancing,0.07214285714285715
259,2749454,91437,1187581,11987,3194,862,0,0,6153,7259,73,distancing,0.07214285714285715
260,2743360,90559,1194725,12059,3163,821,0,0,6094,7144,72,distancing,0.07214285714285715
261,2737319,89775,1201717,12130,3136,770,0,0,6041,6992,71,distancing,0.07214285714285715
262,2731327,89047,1208602,12200,3110,711,0,0,5992,6885,70,distancing,0.07214285714285715
263,2725386,88296,1215459,12269,3083,645,0,0,5941,6857,69,distancing,0.07214285714285715
264,2719496,87529,1222279,12338,3057,570,0,0,5890,6820,69,distancing,0.07214285714285715
265,2713659,86749,1229059,12406,3030,487,0,0,5837,6780,68,distancing,0.07214285714285715
266,2707875,85962,1235791,12474,3003,395,0,0,5784,6732,68,distancing,0.07214285714285715
267,2702144,85173,1242472,12541,2975,294,0,0,5731,6681,67,distancing,0.07214285714285715
268,2696466,84386,1249096,12608,2947,183,0,0,5678,6624,67,distancing,0.07214285714285715
269,2690840,83606,1255660,12674,2919,59,0,0,5626,6564,66,distancing,0.07214285714285715
270,2685266,82836,1262160,12740,2892,27,0,0,5574,6500,66,distancing,0.07214285714285715
271,2679743,82079,1268594,12805,2866,26,0,0,5523,6434,65,distancing,0.07214285714285715
272,2674270,81337,1274962,12869,2840,431,0,0,5473,6368,64,distancing,0.07214285714285715
273,2668846,80608,1281266,12933,2814,1057,0,0,5424,6304,64,distancing,0.07214285714285715
274,2663470,79890,1287510,12996,2789,1056,0,0,5376,6244,63,distancing,0.07214285714285715
275,2658142,79177,1293699,13059,2764,1058,0,0,5328,6189,63,distancing,0.07214285714285715
276,2652862,78465,1299838,13121,2739,1065,0,0,5280,6139,62,distancing,0.07214285714285715
277,2647630,77756,1305925,13182,2715,1076,0,0,5232,6087,61,distancing,0.07214285714285715
278,2642445,77051,1311960,13243,2690,1094,0,0,5185,6035,61,distancing,0.07214285714285715
279,2637307,76352,1317941,13303,2665,1119,0,0,5138,5981,60,distancing,0.07214285714285715
280,2632216,75659,1323867,13363,2641,1152,0,0,5091,5926,60,distancing,0.07214285714285715
281,2627171,74973,1329739,13422,2617,1195,0,0,5045,5872,59,distancing,0.07214285714285715
282,2622172,74294,1335556,13481,2593,1250,0,0,4999,5817,59,distancing,0.07214285714285715
283,2617218,73622,1341320,13539,2570,1318,0,0,4954,5764,58,distancing,0.07214285714285715
284,2612309,72957,1347031,13597,2546,1296,0,0,4909,5711,58,distancing,0.07214285714285715
285,2607444,72299,1352690,13654,2523,1246,0,0,4865,5659,57,distancing,0.07214285714285715
286,2602623,71647,1358297,13711,2500,1323,0,0,4821,5607,57,distancing,0.07214285714285715
287,2597845,71001,1363854,13767,2478,1360,0,0,4778,5557,56,distancing,0.07214285714285715
288,2593111,70359,1369362,13823,2455,1401,0,0,4734,5508,56,distancing,0.07214285714285715
289,2588419,69723,1374821,13878,2433,1444,0,0,4692,5459,55,distancing,0.07214285714285715
290,2583770,69092,1380230,13933,2411,1490,0,0,4649,5409,55,distancing,0.07214285714285715
291,2579163,68467,1385591,13987,2389,1538,0,0,4607,5361,54,distancing,0.07214285714285715
292,2574598,67847,1390903,14041,2367,1589,0,0,4565,5312,54,distancing,0.07214285714285715
293,2570074,67233,1396167,14094,2346,1641,0,0,4524,5264,53,distancing,0.07214285714285715
294,2565591,66625,1401383,14147,2324,1695,0,0,4483,5216,53,distancing,0.07214285714285715
295,2561148,66023,1406552,14199,2303,1750,0,0,4443,5169,52,distancing,0.07214285714285715
296,2556746,65426,1411673,14251,2283,1803,0,0,4402,5121,52,distancing,0.07214285714285715
297,2552383,64835,1416749,14302,2262,1856,0,0,4363,5076,51,distancing,0.07214285714285715
298,2548060,64249,1421778,14353,2242,1907,0,0,4323,5029,51,distancing,0.07214285714285715
299,2543776,63668,1426763,14403,2221,1955,0,0,4284,4985,50,distancing,0.07214285714285715
300,2539531,63092,1431702,14453,2201,2001,0,0,4245,4939,50,distancing,0.07214285714285715
301,2535324,62521,1436598,14502,2181,2048,0,0,4207,4896,49,distancing,0.07214285714285715
302,2531155,61956,1441448,14551,2161,2094,0,0,4169,4850,49,distancing,0.07214285714285715
303,2527024,61395,1446255,14600,2141,2141,0,0,4131,4807,49,distancing,0.07214285714285715
304,2522930,60840,1451018,14648,2122,2187,0,0,4094,4763,48,distancing,0.07214285714285715
305,2518873,60290,1455738,14696,2102,2235,0,0,4057,4720,48,distancing,0.07214285714285715
306,2514853,59745,1460415,14743,2083,2282,0,0,4020,4677,47,distancing,0.07214285714285715
307,2510869,59205,1465050,14790,2064,2329,0,0,3984,4635,47,preparing to relax at 309,0.07214285714285715
308,2506921,58670,1469643,14836,2046,2374,0,0,3948,4593,46,preparing to relax at 309,0.07214285714285715
309,2487825,73323,1474195,14882,2559,1887,0,0,19096,4552,46,preparing to distance at 311,0.35214285714285715
310,2463555,93191,1478705,14928,3254,1218,0,0,24270,4510,46,preparing to distance at 311,0.35214285714285715
311,2457147,95236,1483175,14973,3326,1172,0,0,6408,4470,45,distancing,0.07214285714285715
312,2450588,97472,1487604,15018,3404,1119,0,0,6559,4429,45,distancing,0.07214285714285715
313,2443865,99911,1491993,15062,3490,1058,0,0,6723,4389,44,distancing,0.07214285714285715
314,2436963,102568,1496342,15106,3583,990,0,0,6902,4349,44,distancing,0.07214285714285715
315,2429867,105457,1500652,15150,3684,913,0,0,7096,4310,44,distancing,0.07214285714285715
316,2422560,108595,1504923,15193,3794,828,0,0,7307,4271,43,distancing,0.07214285714285715
317,2415024,112000,1509155,15236,3913,734,0,0,7536,4232,43,distancing,0.07214285714285715
318,2407239,115691,1513350,15278,4042,629,0,0,7785,4195,42,distancing,0.07214285714285715
319,2399185,119688,1517506,15320,4182,513,0,0,8054,4156,42,distancing,0.07214285714285715
320,2390840,124013,1521624,15362,4334,385,0,0,8345,4118,42,distancing,0.07214285714285715
321,2382181,128688,1525706,15403,4498,244,0,0,8659,4082,41,distancing,0.07214285714285715
322,2373182,133739,1529751,15444,4674,92,0,0,8999,4045,41,distancing,0.07214285714285715
323,2364911,122914,1549317,15642,4295,494,0,0,8271,19566,198,distancing,0.07214285714285715
324,2357795,105760,1574185,15893,3695,1117,0,0,7116,24868,251,distancing,0.07214285714285715
325,2350627,106520,1580751,15959,3721,1113,0,0,7168,6566,66,distancing,0.07214285714285715
326,2343416,107172,1587471,16027,3744,1113,0,0,7211,6720,68,distancing,0.07214285714285715
327,2336169,107696,1594359,16097,3762,1117,0,0,7247,6888,70,distancing,0.07214285714285715
328,2328897,108066,1601431,16168,3775,1126,0,0,7272,7072,71,distancing,0.07214285714285715
329,2321613,108254,1608702,16241,3781,1142,0,0,7284,7271,73,distancing,0.07214285714285715
330,2314330,108230,1616188,16317,3780,1165,0,0,7283,7486,76,distancing,0.07214285714285715
331,2307066,107958,1623909,16395,3771,1195,0,0,7264,7721,78,distancing,0.07214285714285715
332,2299839,107400,1631885,16476,3751,1237,0,0,7227,7976,81,distancing,0.07214285714285715
333,2292672,106513,1640137,16559,3720,1289,0,0,7167,8252,83,distancing,0.07214285714285715
334,2285590,105250,1648688,16645,3675,1354,0,0,7082,8551,86,distancing,0.07214285714285715
335,2278622,103559,1657560,16735,3615,1435,0,0,6968,8872,90,distancing,0.07214285714285715
336,2271800,101382,1666780,16828,3539,1531,0,0,6822,9220,93,distancing,0.07214285714285715
337,2265083,99828,1675254,16914,3485,1606,0,0,6717,8474,86,distancing,0.07214285714285715
338,2258394,99401,1682545,16988,3470,1641,0,0,6689,7291,74,distancing,0.07214285714285715
339,2251740,98887,1689889,17062,3452,1679,0,0,6654,7344,74,distancing,0.07214285714285715
340,2245126,98290,1697277,17137,3431,1720,0,0,6614,7388,75,distancing,0.07214285714285715
341,2238558,97611,1704702,17212,3407,1764,0,0,6568,7425,75,distancing,0.07214285714285715
342,2232041,96856,1712153,17287,3381,1809,0,0,6517,7451,75,distancing,0.07214285714285715
343,2225579,96034,1719616,17362,3353,1857,0,0,6462,7463,75,distancing,0.07214285714285715
344,2219176,95154,1727078,17437,3323,1906,0,0,6403,7462,75,distancing,0.07214285714285715
345,2212835,94231,1734521,17512,3290,1958,0,0,6341,7443,75,distancing,0.07214285714285715
346,2206558,93281,1741925,17587,3257,2009,0,0,6277,7404,75,distancing,0.07214285714285715
347,2200345,92327,1749268,17661,3224,1529,0,0,6213,7343,74,distancing,0.07214285714285715
348,2194195,91395,1756524,17734,3192,866,0,0,6150,7256,73,distancing,0.07214285714285715
349,2188104,90518,1763663,17806,3162,824,0,0,6091,7139,72,distancing,0.07214285714285715
350,2182066,89734,1770652,17877,3135,773,0,0,6038,6989,71,distancing,0.07214285714285715
351,2176077,89006,1777534,17947,3109,713,0,0,5989,6882,70,distancing,0.07214285714285715
352,2170138,88256,1784388,18016,3082,647,0,0,5939,6854,69,distancing,0.07214285714285715
353,2164251,87489,1791205,18085,3056,572,0,0,5887,6817,69,distancing,0.07214285714285715
354,2158416,86710,1797982,18153,3029,489,0,0,5835,6777,68,distancing,0.07214285714285715
355,2152634,85924,1804711,18221,3002,397,0,0,5782,6729,68,distancing,0.07214285714285715
356,2146905,85136,1811389,18288,2974,296,0,0,5729,6678,67,distancing,0.07214285714285715
357,2141229,84350,1818010,18355,2946,184,0,0,5676,6621,67,distancing,0.07214285714285715
358,2135606,83570,1824571,18421,2918,60,0,0,5623,6561,66,distancing,0.07214285714285715
359,2130034,82801,1831067,18487,2892,26,0,0,5572,6496,66,distancing,0.07214285714285715
360,2124513,82045,1837498,18552,2866,26,0,0,5521,6431,65,distancing,0.07214285714285715
361,2119042,81303,1843864,18616,2840,431,0,0,5471,6366,64,distancing,0.07214285714285715
362,2113620,80575,1850165,18680,2814,1057,0,0,5422,6301,64,distancing,0.07214285714285715
363,2108247,79857,1856406,18743,2789,1056,0,0,5373,6241,63,distancing,0.07214285714285715
364,2102921,79145,1862593,18805,2764,1058,0,0,5326,6187,62,distancing,0.07214285714285715
365,2097643,78434,1868729,18867,2739,1065,0,0,5278,6136,62,distancing,0.07214285714285715
366,2092413,77725,1874814,18928,2715,1076,0,0,5230,6085,61,distancing,0.07214285714285715
367,2087230,77021,1880846,18989,2690,1095,0,0,5183,6032,61,distancing,0.07214285714285715
368,2082094,76322,1886825,19049,2665,1121,0,0,5136,5979,60,distancing,0.07214285714285715
369,2077005,75629,1892749,19109,2641,1154,0,0,5089,5924,60,distancing,0.07214285714285715
370,2071962,74943,1898619,19168,2617,1198,0,0,5043,5870,59,distancing,0.07214285714285715
371,2066965,74264,1904434,19227,2593,1253,0,0,4997,5815,59,distancing,0.07214285714285715
372,2062013,73593,1910195,19285,2570,1321,0,0,4952,5761,58,distancing,0.07214285714285715
373,2057106,72928,1915904,19343,2546,1301,0,0,4907,5709,58,distancing,0.07214285714285715
374,2052243,72270,1921561,19400,2523,1250,0,0,4863,5657,57,distancing,0.07214285714285715
375,2047424,71618,1927166,19457,2500,1327,0,0,4819,5605,57,distancing,0.07214285714285715
376,2042648,70972,1932721,19513,2478,1364,0,0,4776,5555,56,distancing,0.07214285714285715
377,2037916,70331,1938226,19569,2455,1405,0,0,4732,5505,56,distancing,0.07214285714285715
378,2033226,69695,1943683,19624,2433,1448,0,0,4690,5457,55,distancing,0.07214285714285715
379,2028579,69064,1949090,19679,2411,1494,0,0,4647,5407,55,distancing,0.07214285714285715
380,2023974,68439,1954449,19733,2389,1542,0,0,4605,5359,54,distancing,0.07214285714285715
381,2019411,67819,1959759,19787,2367,1592,0,0,4563,5310,54,distancing,0.07214285714285715
382,2014889,67205,1965021,19840,2346,1643,0,0,4522,5262,53,distancing,0.07214285714285715
383,2010408,66597,1970235,19893,2324,1698,0,0,4481,5214,53,distancing,0.07214285714285715
384,2005967,65995,1975402,19945,2303,1752,0,0,4441,5167,52,distancing,0.07214285714285715
385,2001566,65399,1980521,19997,2283,1805,0,0,4401,5119,52,distancing,0.07214285714285715
386,1997205,64808,1985595,20048,2262,1858,0,0,4361,5074,51,distancing,0.07214285714285715
387,1992884,64222,1990622,20099,2242,1908,0,0,4321,5027,51,distancing,0.07214285714285715
388,1988602,63641,1995605,20149,2221,1956,0,0,4282,4983,50,distancing,0.07214285714285715
389,1984358,63066,2000542,20199,2201,2002,0,0,4244,4937,50,distancing,0.07214285714285715
390,1980153,62495,2005436,20248,2181,2049,0,0,4205,4894,49,distancing,0.07214285714285715
391,1975986,61930,2010284,20297,2161,2095,0,0,4167,4848,49,distancing,0.07214285714285715
392,1971857,61369,2015089,20346,2141,2142,0,0,4129,4805,49,distancing,0.07214285714285715
393,1967765,60814,2019850,20394,2122,2188,0,0,4092,4761,48,distancing,0.07214285714285715
394,1963710,60264,2024568,20442,2102,2236,0,0,4055,4718,48,distancing,0.07214285714285715
395,1959692,59719,2029243,20489,2083,2283,0,0,4018,4675,47,distancing,0.07214285714285715
396,1955710,59179,2033876,20536,2064,2330,0,0,3982,4633,47,preparing to relax at 398,0.07214285714285715
397,1951764,58644,2038467,20582,2046,2374,0,0,3946,4591,46,preparing to relax at 398,0.07214285714285715
398,1932677,73290,2043017,20628,2559,1887,0,0,19087,4550,46,preparing to distance at 400,0.35214285714285715
399,1908418,93148,2047526,20674,3254,1218,0,0,24259,4509,46,preparing to distance at 400,0.35214285714285715
400,1902013,95192,2051994,20719,3326,1172,0,0,6405,4468,45,distancing,0.07214285714285715
401,1895457,97427,2056421,20764,3404,1119,0,0,6556,4427,45,distancing,0.07214285714285715
402,1888737,99865,2060808,20808,3490,1058,0,0,6720,4387,44,distancing,0.07214285714285715
403,1881839,102519,2065156,20852,3583,990,0,0,6898,4348,44,distancing,0.07214285714285715
404,1874746,105407,2069464,20896,3684,913,0,0,7093,4308,44,distancing,0.07214285714285715
405,1867442,108544,2073733,20939,3794,828,0,0,7304,4269,43,distancing,0.07214285714285715
406,1859909,111948,2077963,20982,3913,734,0,0,7533,4230,43,distancing,0.07214285714285715
407,1852128,115637,2082156,21024,4042,629,0,0,7781,4193,42,distancing,0.07214285714285715
408,1844078,119632,2086310,21066,4182,513,0,0,8050,4154,42,distancing,0.07214285714285715
409,1835737,123955,2090426,21108,4333,386,0,0,8341,4116,42,distancing,0.07214285714285715
410,1827082,128628,2094506,21149,4496,246,0,0,8655,4080,41,distancing,0.07214285714285715
411,1818087,133677,2098549,21190,4672,94,0,0,8995,4043,41,distancing,0.07214285714285715
412,1809820,122857,2118106,21388,4293,496,0,0,8267,19557,198,distancing,0.07214285714285715
413,1802707,105711,2142963,21639,3692,1120,0,0,7113,24857,251,distancing,0.07214285714285715
414,1795543,106470,2149526,21705,3718,1116,0,0,7164,6563,66,distancing,0.07214285714285715
415,1788335,107122,2156243,21773,3741,1116,0,0,7208,6717,68,distancing,0.07214285714285715
416,1781092,107645,2163128,21843,3759,1120,0,0,7243,6885,70,distancing,0.07214285714285715
417,1773824,108015,2170196,21914,3772,1129,0,0,7268,7068,71,distancing,0.07214285714285715
418,1766543,108203,2177464,21987,3778,1145,0,0,7281,7268,73,distancing,0.07214285714285715
419,1759264,108178,2184947,22063,3777,1168,0,0,7279,7483,76,distancing,0.07214285714285715
420,1752003,107906,2192665,22141,3768,1198,0,0,7261,7718,78,distancing,0.07214285714285715
421,1744780,107348,2200637,22222,3748,1240,0,0,7223,7972,81,distancing,0.07214285714285715
422,1737616,106462,2208885,22305,3717,1292,0,0,7164,8248,83,distancing,0.07214285714285715
423,1730537,105200,2217431,22391,3673,1356,0,0,7079,8546,86,distancing,0.07214285714285715
424,1723572,103510,2226298,22481,3614,1436,0,0,6965,8867,90,distancing,0.07214285714285715
425,1716753,101334,2235514,22574,3538,1532,0,0,6819,9216,93,distancing,0.07214285714285715
426,1710039,99781,2243984,22660,3483,1608,0,0,6714,8470,86,distancing,0.07214285714285715
427,1703354,99353,2251271,22734,3468,1643,0,0,6685,7287,74,distancing,0.07214285714285715
428,1696703,98840,2258611,22808,3450,1681,0,0,6651,7340,74,distancing,0.07214285714285715
429,1690092,98243,2265996,22883,3429,1722,0,0,6611,7385,75,distancing,0.07214285714285715
430,1683527,97565,2273417,22958,3405,1766,0,0,6565,7421,75,distancing,0.07214285714285715
431,1677013,96811,2280864,23033,3378,1812,0,0,6514,7447,75,distancing,0.07214285714285715
432,1670554,95989,2288324,23108,3350,1860,0,0,6459,7460,75,distancing,0.07214285714285715
433,1664154,95110,2295782,23183,3320,1909,0,0,6400,7458,75,distancing,0.07214285714285715
434,1657816,94187,2303222,23258,3287,1961,0,0,6338,7440,75,distancing,0.07214285714285715
435,1651542,93238,2310622,23333,3254,2012,0,0,6274,7400,75,distancing,0.07214285714285715
436,1645332,92284,2317962,23407,3221,1532,0,0,6210,7340,74,distancing,0.07214285714285715
437,1639185,91352,2325215,23480,3189,869,0,0,6147,7253,73,distancing,0.07214285714285715
438,1633097,90475,2332351,23552,3159,827,0,0,6088,7136,72,distancing,0.07214285714285715
439,1627062,89691,2339337,23623,3132,776,0,0,6035,6986,71,distancing,0.07214285714285715
440,1621076,88963,2346216,23692,3107,715,0,0,5986,6879,69,distancing,0.07214285714285715
441,1615140,88214,2353065,23761,3081,648,0,0,5936,6849,69,distancing,0.07214285714285715
442,1609256,87447,2359879,23830,3054,574,0,0,5884,6814,69,distancing,0.07214285714285715
443,1603424,86668,2366653,23898,3027,491,0,0,5832,6774,68,distancing,0.07214285714285715
444,1597645,85882,2373379,23966,3000,399,0,0,5779,6726,68,distancing,0.07214285714285715
445,1591919,85094,2380053,24033,2973,297,0,0,5726,6674,67,distancing,0.07214285714285715
446,1586246,84308,2386671,24100,2945,185,0,0,5673,6618,67,distancing,0.07214285714285715
447,1580625,83529,2393229,24166,2917,62,0,0,5621,6558,66,distancing,0.07214285714285715
448,1575056,82760,2399722,24232,2890,27,0,0,5569,6493,66,distancing,0.07214285714285715
449,1569538,82004,2406150,24297,2864,26,0,0,5518,6428,65,distancing,0.07214285714285715
450,1564070,81262,2412513,24361,2838,431,0,0,5468,6363,64,distancing,0.07214285714285715
451,1558651,80534,2418811,24425,2812,1058,0,0,5419,6298,64,distancing,0.07214285714285715
452,1553280,79817,2425049,24488,2786,1058,0,0,5371,6238,63,distancing,0.07214285714285715
453,1547957,79105,2431233,24550,2761,1060,0,0,5323,6184,62,distancing,0.07214285714285715
454,1542682,78394,2437366,24612,2736,1067,0,0,5275,6133,62,distancing,0.07214285714285715
455,1537455,77685,2443448,24673,2711,1079,0,0,5227,6082,61,distancing,0.07214285714285715
456,1532275,76981,2449476,24734,2687,1097,0,0,5180,6028,61,distancing,0.07214285714285715
457,1527142,76282,2455452,24794,2662,1123,0,0,5133,5976,60,distancing,0.07214285714285715
458,1522056,75589,2461373,24854,2638,1156,0,0,5086,5921,60,distancing,0.07214285714285715
459,1517016,74903,2467240,24913,2614,1200,0,0,5040,5867,59,distancing,0.07214285714285715
460,1512022,74224,2473052,24972,2590,1255,0,0,4994,5812,59,distancing,0.07214285714285715
461,1507073,73552,2478811,25030,2567,1322,0,0,4949,5759,58,distancing,0.07214285714285715
462,1502169,72887,2484516,25088,2544,1303,0,0,4904,5705,58,distancing,0.07214285714285715
463,1497309,72229,2490170,25145,2521,1253,0,0,4860,5654,57,distancing,0.07214285714285715
464,1492493,71577,2495772,25202,2498,1331,0,0,4816,5602,57,distancing,0.07214285714285715
465,1487720,70931,2501324,25258,2476,1368,0,0,4773,5552,56,distancing,0.07214285714285715
466,1482990,70290,2506826,25314,2454,1408,0,0,4730,5502,56,distancing,0.07214285714285715
467,1478303,69654,2512280,25369,2432,1451,0,0,4687,5454,55,distancing,0.07214285714285715
468,1473659,69023,2517684,25424,2410,1497,0,0,4644,5404,55,distancing,0.07214285714285715
469,1469057,68398,2523039,25478,2389,1545,0,0,4602,5355,54,distancing,0.07214285714285715
470,1464496,67779,2528346,25532,2367,1595,0,0,4561,5307,54,distancing,0.07214285714285715
471,1459977,67165,2533605,25585,2346,1646,0,0,4519,5259,53,distancing,0.07214285714285715
472,1455498,66558,2538816,25638,2324,1701,0,0,4479,5211,53,distancing,0.07214285714285715
473,1451060,65956,2543980,25690,2303,1755,0,0,4438,5164,52,distancing,0.07214285714285715
474,1446662,65360,2549096,25742,2282,1809,0,0,4398,5116,52,distancing,0.07214285714285715
475,1442304,64769,2554167,25793,2261,1862,0,0,4358,5071,51,distancing,0.07214285714285715
476,1437985,64184,2559191,25844,2241,1912,0,0,4319,5024,51,distancing,0.07214285714285715
477,1433705,63604,2564171,25894,2220,1960,0,0,4280,4980,50,distancing,0.07214285714285715
478,1429464,63029,2569105,25944,2200,2005,0,0,4241,4934,50,distancing,0.07214285714285715
479,1425261,62459,2573996,25993,2180,2051,0,0,4203,4891,49,distancing,0.07214285714285715
480,1421096,61894,2578842,26042,2160,2098,0,0,4165,4846,49,distancing,0.07214285714285715
481,1416969,61334,2583644,26091,2140,2145,0,0,4127,4802,49,distancing,0.07214285714285715
482,1412879,60780,2588402,26139,2121,2191,0,0,4090,4758,48,distancing,0.07214285714285715
483,1408826,60231,2593117,26187,2101,2238,0,0,4053,4715,48,distancing,0.07214285714285715
484,1404810,59686,2597790,26234,2082,2285,0,0,4016,4673,47,distancing,0.07214285714285715
485,1400830,59147,2602420,26281,2063,2332,0,0,3980,4630,47,preparing to relax at 487,0.07214285714285715
486,1396886,58612,2607009,26327,2045,2377,0,0,3944,4589,46,preparing to relax at 487,0.07214285714285715
487,1377809,73251,2611556,26373,2557,1891,0,0,19077,4547,46,preparing to distance at 489,0.35214285714285715
488,1353563,93099,2616061,26419,3252,1222,0,0,24246,4505,46,preparing to distance at 489,0.35214285714285715
489,1347161,95143,2620526,26464,3324,1176,0,0,6402,4465,45,distancing,0.07214285714285715
490,1340609,97376,2624951,26509,3402,1124,0,0,6552,4425,45,distancing,0.07214285714285715
491,1333893,99812,2629336,26553,3488,1063,0,0,6716,4385,44,distancing,0.07214285714285715
492,1326998,102466,2633681,26597,3581,995,0,0,6895,4345,44,distancing,0.07214285714285715
493,1319909,105352,2637988,26640,3682,919,0,0,7089,4307,43,distancing,0.07214285714285715
494,1312609,108487,2642255,26683,3792,833,0,0,7300,4267,43,distancing,0.07214285714285715
495,1305080,111889,2646483,26726,3911,739,0,0,7529,4228,43,distancing,0.07214285714285715
496,1297303,115576,2650674,26768,4040,634,0,0,7777,4191,42,distancing,0.07214285714285715
497,1289257,119569,2654826,26810,4180,518,0,0,8046,4152,42,distancing,0.07214285714285715
498,1280921,123889,2658940,26852,4331,391,0,0,8336,4114,42,distancing,0.07214285714285715
499,1272270,128560,2663018,26893,4494,251,0,0,8651,4078,41,distancing,0.07214285714285715
500,1263280,133606,2667059,26934,4670,98,0,0,8990,4041,41,distancing,0.07214285714285715
501,1255018,122791,2686606,27131,4292,499,0,0,8262,19547,197,distancing,0.07214285714285715
502,1247909,105654,2711449,27382,3692,1122,0,0,7109,24843,251,distancing,0.07214285714285715
503,1240749,106412,2718009,27448,3718,1118,0,0,7160,6560,66,distancing,0.07214285714285715
504,1233545,107064,2724722,27516,3741,1117,0,0,7204,6713,68,distancing,0.07214285714285715
505,1226306,107587,2731603,27586,3759,1121,0,0,7239,6881,70,distancing,0.07214285714285715
506,1219042,107956,2738668,27657,3772,1130,0,0,7264,7065,71,distancing,0.07214285714285715
507,1211765,108144,2745932,27730,3778,1145,0,0,7277,7264,73,distancing,0.07214285714285715
508,1204490,108119,2753411,27806,3777,1168,0,0,7275,7479,76,distancing,0.07214285714285715
509,1197233,107847,2761125,27884,3767,1199,0,0,7257,7714,78,distancing,0.07214285714285715
510,1190014,107289,2769094,27964,3747,1241,0,0,7219,7969,80,distancing,0.07214285714285715
511,1182854,106403,2777338,28047,3716,1293,0,0,7160,8244,83,distancing,0.07214285714285715
512,1175779,105142,2785879,28133,3672,1358,0,0,7075,8541,86,distancing,0.07214285714285715
513,1168818,103452,2794742,28223,3613,1438,0,0,6961,8863,90,distancing,0.07214285714285715
514,1162003,101277,2803953,28316,3537,1534,0,0,6815,9211,93,distancing,0.07214285714285715
515,1155293,99725,2812418,28402,3482,1610,0,0,6710,8465,86,distancing,0.07214285714285715
516,1148611,99298,2819701,28476,3467,1645,0,0,6682,7283,74,distancing,0.07214285714285715
517,1141964,98785,2827037,28550,3449,1683,0,0,6647,7336,74,distancing,0.07214285714285715
518,1135357,98188,2834418,28625,3428,1724,0,0,6607,7381,75,distancing,0.07214285714285715
519,1128796,97510,2841835,28700,3404,1768,0,0,6561,7417,75,distancing,0.07214285714285715
520,1122285,96757,2849278,28775,3377,1814,0,0,6511,7443,75,distancing,0.07214285714285715
521,1115830,95935,2856734,28850,3348,1863,0,0,6455,7456,75,distancing,0.07214285714285715
522,1109434,95056,2864188,28925,3317,1913,0,0,6396,7454,75,distancing,0.07214285714285715
523,1103100,94133,2871623,29000,3285,1964,0,0,6334,7435,75,distancing,0.07214285714285715
524,1096830,93184,2879019,29075,3252,2015,0,0,6270,7396,75,distancing,0.07214285714285715
525,1090624,92230,2886355,29149,3219,1536,0,0,6206,7336,74,distancing,0.07214285714285715
526,1084481,91298,2893604,29222,3187,873,0,0,6143,7249,73,distancing,0.07214285714285715
527,1078397,90421,2900736,29294,3156,832,0,0,6084,7132,72,distancing,0.07214285714285715
528,1072365,89638,2907718,29365,3129,781,0,0,6032,6982,71,distancing,0.07214285714285715
529,1066382,88911,2914593,29434,3104,720,0,0,5983,6875,69,distancing,0.07214285714285715
530,1060450,88161,2921439,29503,3078,653,0,0,5932,6846,69,distancing,0.07214285714285715
531,1054569,87395,2928249,29572,3051,579,0,0,5881,6810,69,distancing,0.07214285714285715
532,1048741,86616,2935019,29640,3023,497,0,0,5828,6770,68,distancing,0.07214285714285715
533,1042966,85830,2941741,29708,2996,405,0,0,5775,6722,68,distancing,0.07214285714285715
534,1037244,85041,2948412,29775,2969,303,0,0,5722,6671,67,distancing,0.07214285714285715
535,1031575,84255,2955025,29842,2942,190,0,0,5669,6613,67,distancing,0.07214285714285715
536,1025958,83476,2961578,29908,2915,66,0,0,5617,6553,66,distancing,0.07214285714285715
537,1020393,82707,2968067,29974,2888,27,0,0,5565,6489,66,distancing,0.07214285714285715
538,1014879,81951,2974491,30039,2861,27,0,0,5514,6424,65,distancing,0.07214285714285715
539,1009415,81209,2980850,30103,2835,431,0,0,5464,6359,64,distancing,0.07214285714285715
540,1004000,80481,2987144,30167,2809,1057,0,0,5415,6294,64,distancing,0.07214285714285715
541,998633,79764,2993377,30230,2784,1056,0,0,5367,6233,63,distancing,0.07214285714285715
542,993314,79051,2999558,30292,2759,1058,0,0,5319,6181,62,distancing,0.07214285714285715
543,988043,78339,3005688,30354,2734,1065,0,0,5271,6130,62,distancing,0.07214285714285715
544,982819,77631,3011766,30415,2709,1077,0,0,5224,6078,61,distancing,0.07214285714285715
545,977643,76926,3017791,30476,2685,1095,0,0,5176,6025,61,distancing,0.07214285714285715
546,972514,76227,3023762,30536,2661,1120,0,0,5129,5971,60,distancing,0.07214285714285715
547,967431,75535,3029679,30596,2636,1155,0,0,5083,5917,60,distancing,0.07214285714285715
548,962394,74850,3035542,30655,2612,1199,0,0,5037,5863,59,distancing,0.07214285714285715
549,957403,74172,3041350,30714,2588,1254,0,0,4991,5808,59,distancing,0.07214285714285715
550,952457,73501,3047105,30772,2565,1321,0,0,4946,5755,58,distancing,0.07214285714285715
551,947556,72837,3052806,30830,2542,1306,0,0,4901,5701,58,distancing,0.07214285714285715
552,942699,72180,3058455,30887,2519,1256,0,0,4857,5649,57,distancing,0.07214285714285715
553,937886,71529,3064053,30944,2496,1334,0,0,4813,5598,57,distancing,0.07214285714285715
554,933116,70884,3069601,31000,2473,1372,0,0,4770,5548,56,distancing,0.07214285714285715
555,928389,70244,3075099,31056,2451,1412,0,0,4727,5498,56,distancing,0.07214285714285715
556,923705,69609,3080549,31111,2428,1456,0,0,4684,5450,55,distancing,0.07214285714285715
557,919063,68980,3085949,31166,2406,1502,0,0,4642,5400,55,distancing,0.07214285714285715
558,914463,68356,3091301,31220,2385,1550,0,0,4600,5352,54,distancing,0.07214285714285715
559,909905,67738,3096604,31274,2363,1601,0,0,4558,5303,54,distancing,0.07214285714285715
560,905388,67126,3101859,31327,2342,1653,0,0,4517,5255,53,distancing,0.07214285714285715
561,900912,66519,3107066,31380,2321,1706,0,0,4476,5207,53,distancing,0.07214285714285715
562,896477,65917,3112227,31432,2300,1760,0,0,4435,5161,52,distancing,0.07214285714285715
563,892082,65321,3117340,31484,2279,1814,0,0,4395,5113,52,distancing,0.07214285714285715
564,887726,64731,3122408,31535,2258,1867,0,0,4356,5068,51,distancing,0.07214285714285715
565,883410,64146,3127429,31586,2238,1918,0,0,4316,5021,51,distancing,0.07214285714285715
566,879133,63566,3132405,31636,2218,1965,0,0,4277,4976,50,distancing,0.07214285714285715
567,874894,62992,3137336,31686,2198,2010,0,0,4239,4931,50,distancing,0.07214285714285715
568,870694,62422,3142223,31735,2179,2055,0,0,4200,4887,49,distancing,0.07214285714285715
569,866532,61857,3147066,31784,2159,2102,0,0,4162,4843,49,distancing,0.07214285714285715
570,862407,61298,3151865,31832,2140,2149,0,0,4125,4799,48,distancing,0.07214285714285715
571,858320,60743,3156621,31880,2121,2195,0,0,4087,4756,48,distancing,0.07214285714285715
572,854270,60193,3161334,31928,2101,2242,0,0,4050,4713,48,distancing,0.07214285714285715
573,850256,59649,3166004,31975,2082,2288,0,0,4014,4670,47,distancing,0.07214285714285715
574,846279,59109,3170632,32022,2063,2334,0,0,3977,4628,47,preparing to relax at 576,0.07214285714285715
575,842338,58574,3175218,32068,2044,2380,0,0,3941,4586,46,preparing to relax at 576,0.07214285714285715
576,823273,73204,3179762,32114,2556,1895,0,0,19065,4544,46,preparing to distance at 578,0.35214285714285715
577,799042,93040,3184265,32159,3251,1226,0,0,24231,4503,45,preparing to distance at 578,0.35214285714285715
578,792644,95082,3188728,32204,3322,1181,0,0,6398,4463,45,distancing,0.07214285714285715
579,786096,97314,3193150,32249,3400,1128,0,0,6548,4422,45,distancing,0.07214285714285715
580,779384,99749,3197532,32293,3485,1068,0,0,6712,4382,44,distancing,0.07214285714285715
581,772494,102400,3201875,32337,3578,1000,0,0,6890,4343,44,distancing,0.07214285714285715
582,765410,105284,3206179,32380,3678,925,0,0,7084,4304,43,distancing,0.07214285714285715
583,758115,108417,3210443,32423,3788,839,0,0,7295,4264,43,distancing,0.07214285714285715
584,750591,111816,3214669,32466,3907,744,0,0,7524,4226,43,distancing,0.07214285714285715
585,742819,115501,3218857,32508,4036,640,0,0,7772,4188,42,distancing,0.07214285714285715
586,734779,119491,3223006,32550,4176,524,0,0,8040,4149,42,distancing,0.07214285714285715
587,726448,123808,3227118,32592,4327,397,0,0,8331,4112,42,distancing,0.07214285714285715
588,717803,128476,3231193,32633,4490,257,0,0,8645,4075,41,distancing,0.07214285714285715
589,708819,133519,3235230,32674,4667,103,0,0,8984,4037,41,distancing,0.07214285714285715
590,700562,122711,3254765,32871,4288,505,0,0,8257,19535,197,distancing,0.07214285714285715
591,693457,105585,3279593,33122,3688,1128,0,0,7105,24828,251,distancing,0.07214285714285715
592,686301,106343,3286148,33188,3715,1124,0,0,7156,6555,66,distancing,0.07214285714285715
593,679102,106994,3292857,33256,3737,1124,0,0,7199,6709,68,distancing,0.07214285714285715
594,671867,107517,3299734,33325,3756,1128,0,0,7235,6877,69,distancing,0.07214285714285715
595,664607,107887,3306794,33396,3769,1137,0,0,7260,7060,71,distancing,0.07214285714285715
596,657335,108075,3314052,33469,3776,1151,0,0,7272,7258,73,distancing,0.07214285714285715
597,650064,108051,3321527,33544,3775,1174,0,0,7271,7475,75,distancing,0.07214285714285715
598,642812,107779,3329236,33622,3765,1205,0,0,7252,7709,78,distancing,0.07214285714285715
599,635597,107222,3337200,33702,3745,1246,0,0,7215,7964,80,distancing,0.07214285714285715
600,628442,106337,3345438,33785,3714,1298,0,0,7155,8238,83,distancing,0.07214285714285715
601,621372,105076,3353974,33871,3670,1363,0,0,7070,8536,86,distancing,0.07214285714285715
602,614415,103388,3362832,33960,3611,1443,0,0,6957,8858,89,distancing,0.07214285714285715
603,607604,101215,3372037,34053,3535,1539,0,0,6811,9205,93,distancing,0.07214285714285715
604,600898,99664,3380497,34138,3481,1613,0,0,6706,8460,85,distancing,0.07214285714285715
605,594221,99236,3387776,34212,3466,1648,0,0,6677,7279,74,distancing,0.07214285714285715
606,587578,98723,3395108,34286,3448,1685,0,0,6643,7332,74,distancing,0.07214285714285715
607,580975,98127,3402484,34360,3428,1725,0,0,6603,7376,74,distancing,0.07214285714285715
608,574418,97449,3409897,34435,3404,1768,0,0,6557,7413,75,distancing,0.07214285714285715
609,567912,96695,3417336,34510,3377,1814,0,0,6506,7439,75,distancing,0.07214285714285715
610,561461,95874,3424787,34585,3348,1863,0,0,6451,7451,75,distancing,0.07214285714285715
611,555069,94995,3432237,34660,3317,1913,0,0,6392,7450,75,distancing,0.07214285714285715
612,548739,94073,3439667,34735,3285,1964,0,0,6330,7430,75,distancing,0.07214285714285715
613,542473,93124,3447059,34810,3252,2016,0,0,6266,7392,75,distancing,0.07214285714285715
614,536271,92171,3454390,34884,3219,1537,0,0,6202,7331,74,distancing,0.07214285714285715
615,530132,91240,3461634,34957,3186,875,0,0,6139,7244,73,distancing,0.07214285714285715
616,524052,90363,3468762,35029,3155,835,0,0,6080,7128,72,distancing,0.07214285714285715
617,518024,89580,3475741,35099,3127,785,0,0,6028,6979,70,distancing,0.07214285714285715
618,512045,88853,3482612,35168,3102,725,0,0,5979,6871,69,distancing,0.07214285714285715
619,506117,88104,3489453,35237,3076,658,0,0,5928,6841,69,distancing,0.07214285714285715
620,500240,87338,3496259,35306,3049,585,0,0,5877,6806,69,distancing,0.07214285714285715
621,494416,86559,3503025,35374,3021,503,0,0,5824,6766,68,distancing,0.07214285714285715
622,488644,85774,3509743,35442,2994,411,0,0,5772,6718,68,distancing,0.07214285714285715
623,482925,84987,3516409,35509,2967,309,0,0,5719,6666,67,distancing,0.07214285714285715
624,477259,84202,3523018,35576,2940,196,0,0,5666,6609,67,distancing,0.07214285714285715
625,471646,83423,3529567,35642,2913,72,0,0,5613,6549,66,distancing,0.07214285714285715
626,466084,82655,3536052,35708,2886,27,0,0,5562,6485,66,distancing,0.07214285714285715
627,460573,81900,3542472,35773,2859,27,0,0,5511,6420,65,distancing,0.07214285714285715
628,455112,81159,3548827,35837,2833,432,0,0,5461,6355,64,distancing,0.07214285714285715
629,449700,80432,3555116,35901,2808,1057,0,0,5412,6289,64,distancing,0.07214285714285715
630,444336,79716,3561345,35964,2783,1055,0,0,5364,6229,63,distancing,0.07214285714285715
631,439020,79004,3567521,36026,2759,1057,0,0,5316,6176,62,distancing,0.07214285714285715
632,433752,78293,3573647,36088,2734,1063,0,0,5268,6126,62,distancing,0.07214285714285715
633,428531,77586,3579721,36149,2709,1075,0,0,5221,6074,61,distancing,0.07214285714285715
634,423358,76882,3585742,36210,2685,1092,0,0,5173,6021,61,distancing,0.07214285714285715
635,418232,76184,3591709,36270,2661,1117,0,0,5126,5967,60,distancing,0.07214285714285715
636,413152,75492,3597623,36330,2636,1152,0,0,5080,5914,60,distancing,0.07214285714285715
637,408118,74807,3603483,36389,2612,1196,0,0,5034,5860,59,distancing,0.07214285714285715
638,403130,74129,3609288,36448,2588,1251,0,0,4988,5805,59,distancing,0.07214285714285715
639,398187,73459,3615039,36506,2565,1318,0,0,4943,5751,58,distancing,0.07214285714285715
640,393289,72795,3620737,36564,2542,1309,0,0,4898,5698,58,distancing,0.07214285714285715
641,388435,72138,3626383,36621,2519,1258,0,0,4854,5646,57,distancing,0.07214285714285715
642,383625,71487,3631978,36678,2496,1335,0,0,4810,5595,57,distancing,0.07214285714285715
643,378858,70842,3637523,36734,2473,1373,0,0,4767,5545,56,distancing,0.07214285714285715
644,374134,70202,3643018,36790,2451,1413,0,0,4724,5495,56,distancing,0.07214285714285715
645,369453,69567,3648465,36845,2428,1456,0,0,4681,5447,55,distancing,0.07214285714285715
646,364814,68938,3653862,36900,2406,1502,0,0,4639,5397,55,distancing,0.07214285714285715
647,360217,68314,3659211,36954,2384,1551,0,0,4597,5349,54,distancing,0.07214285714285715
648,355662,67696,3664511,37008,2362,1602,0,0,4555,5300,54,distancing,0.07214285714285715
649,351148,67084,3669763,37061,2340,1655,0,0,4514,5252,53,distancing,0.07214285714285715
650,346675,66477,3674967,37114,2319,1708,0,0,4473,5204,53,distancing,0.07214285714285715
651,342242,65876,3680125,37166,2298,1762,0,0,4433,5158,52,distancing,0.07214285714285715
652,337849,65281,3685235,37218,2277,1816,0,0,4393,5110,52,distancing,0.07214285714285715
653,333496,64691,3690300,37269,2256,1870,0,0,4353,5065,51,distancing,0.07214285714285715
654,329182,64107,3695318,37320,2235,1922,0,0,4314,5018,51,distancing,0.07214285714285715
655,324907,63528,3700291,37370,2215,1970,0,0,4275,4973,50,distancing,0.07214285714285715
656,320671,62954,3705219,37420,2195,2015,0,0,4236,4928,50,distancing,0.07214285714285715
657,316473,62385,3710103,37469,2175,2061,0,0,4198,4884,49,distancing,0.07214285714285715
658,312313,61821,3714943,37518,2155,2108,0,0,4160,4840,49,distancing,0.07214285714285715
659,308191,61262,3719739,37566,2136,2155,0,0,4122,4796,48,distancing,0.07214285714285715
660,304106,60708,3724492,37614,2116,2202,0,0,4085,4753,48,distancing,0.07214285714285715
661,300058,60159,3729201,37662,2097,2248,0,0,4048,4709,48,distancing,0.07214285714285715
662,296047,59615,3733868,37709,2078,2294,0,0,4011,4667,47,distancing,0.07214285714285715
663,292072,59076,3738492,37756,2060,2339,0,0,3975,4624,47,preparing to relax at 665,0.07214285714285715
664,288133,58542,3743075,37802,2041,2385,0,0,3939,4583,46,preparing to relax at 665,0.07214285714285715
665,269079,73163,3747617,37848,2552,1901,0,0,19054,4542,46,preparing to distance at 667,0.35214285714285715
666,244862,92987,3752118,37893,3246,1233,0,0,24217,4501,45,preparing to distance at 667,0.35214285714285715
667,238468,95028,3756578,37938,3317,1187,0,0,6394,4460,45,distancing,0.07214285714285715
668,231924,97258,3760997,37983,3396,1133,0,0,6544,4419,45,distancing,0.07214285714285715
669,225216,99691,3765377,38027,3481,1072,0,0,6708,4380,44,distancing,0.07214285714285715
670,218330,102341,3769717,38071,3574,1004,0,0,6886,4340,44,distancing,0.07214285714285715
671,211250,105223,3774018,38114,3675,928,0,0,7080,4301,43,distancing,0.07214285714285715
672,203959,108354,3778280,38157,3785,842,0,0,7291,4262,43,distancing,0.07214285714285715
673,196439,111752,3782503,38200,3904,747,0,0,7520,4223,43,distancing,0.07214285714285715
674,188672,115434,3786688,38242,4033,643,0,0,7767,4185,42,distancing,0.07214285714285715
675,180636,119422,3790835,38284,4173,527,0,0,8036,4147,42,distancing,0.07214285714285715
676,172310,123737,3794944,38326,4324,400,0,0,8326,4109,42,distancing,0.07214285714285715
677,163670,128402,3799017,38367,4487,260,0,0,8640,4073,41,distancing,0.07214285714285715
678,154691,133442,3803052,38408,4664,106,0,0,8979,4035,41,distancing,0.07214285714285715
679,146439,122640,3822575,38605,4286,507,0,0,8252,19523,197,distancing,0.07214285714285715
680,139338,105524,3847388,38856,3687,1129,0,0,7101,24813,251,distancing,0.07214285714285715
681,132186,106282,3853939,38922,3714,1125,0,0,7152,6551,66,distancing,0.07214285714285715
682,124991,106933,3860644,38990,3736,1125,0,0,7195,6705,68,distancing,0.07214285714285715
683,117760,107456,3867517,39059,3755,1129,0,0,7231,6873,69,distancing,0.07214285714285715
684,110505,107825,3874573,39130,3767,1139,0,0,7255,7056,71,distancing,0.07214285714285715
685,103237,108013,3881827,39203,3774,1154,0,0,7268,7254,73,distancing,0.07214285714285715
686,95971,107988,3889298,39278,3773,1177,0,0,7266,7471,75,distancing,0.07214285714285715
687,88723,107716,3897003,39356,3763,1209,0,0,7248,7705,78,distancing,0.07214285714285715
688,81512,107160,3904961,39436,3744,1249,0,0,7211,7958,80,distancing,0.07214285714285715
689,74361,106275,3913195,39519,3713,1301,0,0,7151,8234,83,distancing,0.07214285714285715
690,67295,105015,3921726,39605,3669,1366,0,0,7066,8531,86,distancing,0.07214285714285715
691,60342,103328,3930579,39694,3610,1446,0,0,6953,8853,89,distancing,0.07214285714285715
692,53535,101156,3939779,39787,3534,1543,0,0,6807,9200,93,distancing,0.07214285714285715
693,46833,99606,3948234,39872,3480,1617,0,0,6702,8455,85,distancing,0.07214285714285715
694,40159,99179,3955510,39945,3465,1652,0,0,6674,7276,73,distancing,0.07214285714285715
695,33520,98666,3962838,40019,3447,1690,0,0,6639,7328,74,distancing,0.07214285714285715
696,26921,98070,3970210,40093,3426,1731,0,0,6599,7372,74,distancing,0.07214285714285715
697,20368,97392,3977619,40168,3402,1774,0,0,6553,7409,75,distancing,0.07214285714285715
698,13865,96640,3985052,40243,3376,1820,0,0,6503,7433,75,distancing,0.07214285714285715
699,7417,95820,3992499,40318,3347,1868,0,0,6448,7447,75,distancing,0.07214285714285715
700,1028,94943,3999944,40393,3316,1918,0,0,6389,7445,75,distancing,0.07214285714285715
701,0,88723,4007370,40468,3098,2154,0,0,1028,7426,75,preparing to relax at 703,0.07214285714285715
702,0,81512,4014758,40543,2846,2425,0,0,0,7388,75,preparing to relax at 703,0.07214285714285715
703,0,74361,4022085,40617,2596,2164,0,0,0,7327,74,preparing to relax at 705,0.35214285714285715
704,0,67295,4029325,40690,2349,1717,0,0,0,7240,73,preparing to relax at 705,0.35214285714285715
705,0,60342,4036449,40762,2106,1889,0,0,0,7124,72,preparing to relax at 707,0.35214285714285715
706,0,53535,4043424,40832,1868,2048,0,0,0,6975,70,preparing to relax at 707,0.35214285714285715
707,0,46833,4050291,40901,1634,2197,0,0,0,6867,69,preparing to relax at 709,0.35214285714285715
708,0,40159,4057129,40970,1401,2337,0,0,0,6838,69,preparing to relax at 709,0.35214285714285715
709,0,33520,4063931,41039,1169,2468,0,0,0,6802,69,preparing to relax at 711,0.35214285714285715
710,0,26921,4070692,41107,939,2588,0,0,0,6761,68,preparing to relax at 711,0.35214285714285715
711,0,20368,4077406,41175,710,2698,0,0,0,6714,68,preparing to relax at 713,0.35214285714285715
712,0,13865,4084069,41242,483,2796,0,0,0,6663,67,preparing to relax at 713,0.35214285714285715
713,0,7417,4090675,41309,258,2881,0,0,0,6606,67,preparing to relax at 715,0.35214285714285715
714,0,1028,4097221,41375,35,2953,0,0,0,6546,66,preparing to relax at 715,0.35214285714285715
715,0,0,4098273,41386,0,2825,0,0,0,1052,11,preparing to relax at 717,0.35214285714285715
716,0,0,4098273,41386,0,2648,0,0,0,0,0,preparing to relax at 717,0.35214285714285715
717,0,0,4098273,41386,0,3026,0,0,0,0,0,preparing to relax at 719,0.35214285714285715
718,0,0,4098273,41386,0,3625,0,0,0,0,0,preparing to relax at 719,0.35214285714285715
719,0,0,4098273,41386,0,3598,0,0,0,0,0,preparing to relax at 721,0.35214285714285715
720,0,0,4098273,41386,0,3576,0,0,0,0,0,preparing to relax at 721,0.35214285714285715
721,0,0,4098273,41386,0,3557,0,0,0,0,0,preparing to relax at 723,0.35214285714285715
722,0,0,4098273,41386,0,3545,0,0,0,0,0,preparing to relax at 723,0.35214285714285715
723,0,0,4098273,41386,0,3538,0,0,0,0,0,preparing to relax at 725,0.35214285714285715
724,0,0,4098273,41386,0,3539,0,0,0,0,0,preparing to relax at 725,0.35214285714285715
725,0,0,4098273,41386,0,3549,0,0,0,0,0,preparing to relax at 727,0.35214285714285715
726,0,0,4098273,41386,0,3568,0,0,0,0,0,preparing to relax at 727,0.35214285714285715
727,0,0,4098273,41386,0,3599,0,0,0,0,0,preparing to relax at 729,0.35214285714285715
728,0,0,4098273,41386,0,3643,0,0,0,0,0,preparing to relax at 729,0.35214285714285715
729,0,0,4098273,41386,0,3702,0,0,0,0,0,preparing to relax at 731,0.35214285714285715
730,0,0,4098273,41386,0,3778,0,0,0,0,0,preparing to relax at 731,0.35214285714285715
731,0,0,4098273,41386,0,3832,0,0,0,0,0,preparing to relax at 733,0.35214285714285715
732,0,0,4098273,41386,0,3847,0,0,0,0,0,preparing to relax at 733,0.35214285714285715
733,0,0,4098273,41386,0,3865,0,0,0,0,0,preparing to relax at 735,0.35214285714285715
734,0,0,4098273,41386,0,3886,0,0,0,0,0,preparing to relax at 735,0.35214285714285715
735,0,0,4098273,41386,0,3910,0,0,0,0,0,preparing to relax at 737,0.35214285714285715
736,0,0,4098273,41386,0,3936,0,0,0,0,0,preparing to relax at 737,0.35214285714285715
737,0,0,4098273,41386,0,3965,0,0,0,0,0,preparing to relax at 739,0.35214285714285715
738,0,0,4098273,41386,0,3996,0,0,0,0,0,preparing to relax at 739,0.35214285714285715
739,0,0,4098273,41386,0,4214,0,0,0,0,0,preparing to relax at 741,0.35214285714285715
740,0,0,4098273,41386,0,4466,0,0,0,0,0,preparing to relax at 741,0.35214285714285715
741,0,0,4098273,41386,0,4716,0,0,0,0,0,preparing to relax at 743,0.35214285714285715
742,0,0,4098273,41386,0,4963,0,0,0,0,0,preparing to relax at 743,0.35214285714285715
743,0,0,4098273,41386,0,5206,0,0,0,0,0,preparing to relax at 745,0.35214285714285715
744,0,0,4098273,41386,0,5444,0,0,0,0,0,preparing to relax at 745,0.35214285714285715
745,0,0,4098273,41386,0,5678,0,0,0,0,0,preparing to relax at 747,0.35214285714285715
746,0,0,4098273,41386,0,5911,0,0,0,0,0,preparing to relax at 747,0.35214285714285715
747,0,0,4098273,41386,0,6143,0,0,0,0,0,preparing to relax at 749,0.35214285714285715
748,0,0,4098273,41386,0,6373,0,0,0,0,0,preparing to relax at 749,0.35214285714285715
749,0,0,4098273,41386,0,6602,0,0,0,0,0,preparing to relax at 751,0.35214285714285715
750,0,0,4098273,41386,0,6829,0,0,0,0,0,preparing to relax at 751,0.35214285714285715
751,0,0,4098273,41386,0,7054,0,0,0,0,0,preparing to relax at 753,0.35214285714285715
752,0,0,4098273,41386,0,7277,0,0,0,0,0,preparing to relax at 753,0.35214285714285715
753,0,0,4098273,41386,0,7312,0,0,0,0,0,preparing to relax at 755,0.35214285714285715
754,0,0,4098273,41386,0,7312,0,0,0,0,0,preparing to relax at 755,0.35214285714285715
755,0,0,4098273,41386,0,7312,0,0,0,0,0,preparing to relax at 757,0.35214285714285715
756,0,0,4098273,41386,0,7312,0,0,0,0,0,preparing to relax at 757,0.35214285714285715
757,0,0,4098273,41386,0,7312,0,0,0,0,0,preparing to relax at 759,0.35214285714285715
758,0,0,4098273,41386,0,7312,0,0,0,0,0,preparing to relax at 759,0.35214285714285715
759,0,0,4098273,41386,0,7312,0,0,0,0,0,preparing to relax at 761,0.35214285714285715
760,0,0,4098273,41386,0,7312,0,0,0,0,0,preparing to relax at 761,0.35214285714285715
761,0,0,4098273,41386,0,7312,0,0,0,0,0,preparing to relax at 763,0.35214285714285715
762,0,0,4098273,41386,0,7312,0,0,0,0,0,preparing to relax at 763,0.35214285714285715
763,0,0,4098273,41386,0,7312,0,0,0,0,0,preparing to relax at 765,0.35214285714285715
764,0,0,4098273,41386,0,7312,0,0,0,0,0,preparing to relax at 765,0.35214285714285715
765,0,0,4098273,41386,0,7312,0,0,0,0,0,preparing to relax at 767,0.35214285714285715
766,0,0,4098273,41386,0,7312,0,0,0,0,0,preparing to relax at 767,0.35214285714285715
767,0,0,4098273,41386,0,7312,0,0,0,0,0,preparing to relax at 769,0.35214285714285715
768,0,0,4098273,41386,0,7312,0,0,0,0,0,preparing to relax at 769,0.35214285714285715
769,0,0,4098273,41386,0,7312,0,0,0,0,0,preparing to relax at 771,0.35214285714285715
770,0,0,4098273,41386,0,7312,0,0,0,0,0,preparing to relax at 771,0.35214285714285715
771,0,0,4098273,41386,0,7312,0,0,0,0,0,preparing to relax at 773,0.35214285714285715
772,0,0,4098273,41386,0,7312,0,0,0,0,0,preparing to relax at 773,0.35214285714285715
773,0,0,4098273,41386,0,7312,0,0,0,0,0,preparing to relax at 775,0.35214285714285715
774,0,0,4098273,41386,0,7312,0,0,0,0,0,preparing to relax at 775,0.35214285714285715
775,0,0,4098273,41386,0,7312,0,0,0,0,0,preparing to relax at 777,0.35214285714285715
776,0,0,4098273,41386,0,7312,0,0,0,0,0,preparing to relax at 777,0.35214285714285715
777,0,0,4098273,41386,0,7312,0,0,0,0,0,preparing to relax at 779,0.35214285714285715
778,0,0,4098273,41386,0,7312,0,0,0,0,0,preparing to relax at 779,0.35214285714285715
779,0,0,4098273,41386,0,7312,0,0,0,0,0,preparing to relax at 781,0.35214285714285715
780,0,0,4098273,41386,0,7312,0,0,0,0,0,preparing to relax at 781,0.35214285714285715
781,0,0,4098273,41386,0,7312,0,0,0,0,0,preparing to relax at 783,0.35214285714285715
782,0,0,4098273,41386,0,7312,0,0,0,0,0,preparing to relax at 783,0.35214285714285715
783,0,0,4098273,41386,0,7312,0,0,0,0,0,preparing to relax at 785,0.35214285714285715
784,0,0,4098273,41386,0,7312,0,0,0,0,0,preparing to relax at 785,0.35214285714285715
785,0,0,4098273,41386,0,7312,0,0,0,0,0,preparing to relax at 787,0.35214285714285715
786,0,0,4098273,41386,0,7312,0,0,0,0,0,preparing to relax at 787,0.35214285714285715
787,0,0,4098273,41386,0,7312,0,0,0,0,0,preparing to relax at 789,0.35214285714285715
788,0,0,4098273,41386,0,7312,0,0,0,0,0,preparing to relax at 789,0.35214285714285715
789,0,0,4098273,41386,0,7312,0,0,0,0,0,preparing to relax at 791,0.35214285714285715
790,0,0,4098273,41386,0,7312,0,0,0,0,0,preparing to relax at 791,0.35214285714285715
791,0,0,4098273,41386,0,7312,0,0,0,0,0,preparing to relax at 793,0.35214285714285715
792,0,0,4098273,41386,0,7312,0,0,0,0,0,preparing to relax at 793,0.35214285714285715
793,0,0,4098273,41386,0,7312,0,0,0,0,0,preparing to relax at 795,0.35214285714285715
794,0,0,4098273,41386,0,7312,0,0,0,0,0,preparing to relax at 795,0.35214285714285715
795,0,0,4098273,41386,0,7312,0,0,0,0,0,preparing to relax at 797,0.35214285714285715
796,0,0,4098273,41386,0,7312,0,0,0,0,0,preparing to relax at 797,0.35214285714285715
797,0,0,4098273,41386,0,7312,0,0,0,0,0,preparing to relax at 799,0.35214285714285715
798,0,0,4098273,41386,0,7312,0,0,0,0,0,preparing to relax at 799,0.35214285714285715
799,0,0,4098273,41386,0,7312,0,0,0,0,0,preparing to relax at 801,0.35214285714285715
800,0,0,4098273,41386,0,7312,0,0,0,0,0,preparing to relax at 801,0.35214285714285715
801,0,0,4098273,41386,0,7312,0,0,0,0,0,preparing to relax at 803,0.35214285714285715
802,0,0,4098273,41386,0,7312,0,0,0,0,0,preparing to relax at 803,0.35214285714285715
803,0,0,4098273,41386,0,7312,0,0,0,0,0,preparing to relax at 805,0.35214285714285715
804,0,0,4098273,41386,0,7312,0,0,0,0,0,preparing to relax at 805,0.35214285714285715
805,0,0,4098273,41386,0,7312,0,0,0,0,0,preparing to relax at 807,0.35214285714285715
806,0,0,4098273,41386,0,7312,0,0,0,0,0,preparing to relax at 807,0.35214285714285715
807,0,0,4098273,41386,0,7312,0,0,0,0,0,preparing to relax at 809,0.35214285714285715
808,0,0,4098273,41386,0,7312,0,0,0,0,0,preparing to relax at 809,0.35214285714285715
809,0,0,4098273,41386,0,7312,0,0,0,0,0,preparing to relax at 811,0.35214285714285715
810,0,0,4098273,41386,0,7312,0,0,0,0,0,preparing to relax at 811,0.35214285714285715
811,0,0,4098273,41386,0,7312,0,0,0,0,0,preparing to relax at 813,0.35214285714285715
812,0,0,4098273,41386,0,7312,0,0,0,0,0,preparing to relax at 813,0.35214285714285715
813,0,0,4098273,41386,0,7312,0,0,0,0,0,preparing to relax at 815,0.35214285714285715
814,0,0,4098273,41386,0,7312,0,0,0,0,0,preparing to relax at 815,0.35214285714285715
815,0,0,4098273,41386,0,7312,0,0,0,0,0,preparing to relax at 817,0.35214285714285715
816,0,0,4098273,41386,0,7312,0,0,0,0,0,preparing to relax at 817,0.35214285714285715
817,0,0,4098273,41386,0,7312,0,0,0,0,0,preparing to relax at 819,0.35214285714285715
818,0,0,4098273,41386,0,7312,0,0,0,0,0,preparing to relax at 819,0.35214285714285715
819,0,0,4098273,41386,0,7312,0,0,0,0,0,preparing to relax at 821,0.35214285714285715
820,0,0,4098273,41386,0,7312,0,0,0,0,0,preparing to relax at 821,0.35214285714285715
821,0,0,4098273,41386,0,7312,0,0,0,0,0,preparing to relax at 823,0.35214285714285715
822,0,0,4098273,41386,0,7312,0,0,0,0,0,preparing to relax at 823,0.35214285714285715
823,0,0,4098273,41386,0,7312,0,0,0,0,0,preparing to relax at 825,0.35214285714285715
824,0,0,4098273,41386,0,7312,0,0,0,0,0,preparing to relax at 825,0.35214285714285715
825,0,0,4098273,41386,0,7312,0,0,0,0,0,preparing to relax at 827,0.35214285714285715
826,0,0,4098273,41386,0,7312,0,0,0,0,0,preparing to relax at 827,0.35214285714285715
827,0,0,4098273,41386,0,7312,0,0,0,0,0,preparing to relax at 829,0.35214285714285715
828,0,0,4098273,41386,0,7312,0,0,0,0,0,preparing to relax at 829,0.35214285714285715
829,0,0,4098273,41386,0,7312,0,0,0,0,0,preparing to relax at 831,0.35214285714285715
830,0,0,4098273,41386,0,7312,0,0,0,0,0,preparing to relax at 831,0.35214285714285715
831,0,0,4098273,41386,0,7312,0,0,0,0,0,preparing to relax at 833,0.35214285714285715
832,0,0,4098273,41386,0,7312,0,0,0,0,0,preparing to relax at 833,0.35214285714285715
833,0,0,4098273,41386,0,7312,0,0,0,0,0,preparing to relax at 835,0.35214285714285715
834,0,0,4098273,41386,0,7312,0,0,0,0,0,preparing to relax at 835,0.35214285714285715
835,0,0,4098273,41386,0,7312,0,0,0,0,0,preparing to relax at 837,0.35214285714285715
836,0,0,4098273,41386,0,7312,0,0,0,0,0,preparing to relax at 837,0.35214285714285715
837,0,0,4098273,41386,0,7312,0,0,0,0,0,preparing to relax at 839,0.35214285714285715
838,0,0,4098273,41386,0,7312,0,0,0,0,0,preparing to relax at 839,0.35214285714285715
839,0,0,4098273,41386,0,7312,0,0,0,0,0,preparing to relax at 841,0.35214285714285715
840,0,0,4098273,41386,0,7312,0,0,0,0,0,preparing to relax at 841,0.35214285714285715
841,0,0,4098273,41386,0,7312,0,0,0,0,0,preparing to relax at 843,0.35214285714285715
842,0,0,4098273,41386,0,7312,0,0,0,0,0,preparing to relax at 843,0.35214285714285715
843,0,0,4098273,41386,0,7312,0,0,0,0,0,preparing to relax at 845,0.35214285714285715
844,0,0,4098273,41386,0,7312,0,0,0,0,0,preparing to relax at 845,0.35214285714285715
845,0,0,4098273,41386,0,7312,0,0,0,0,0,preparing to relax at 847,0.35214285714285715
846,0,0,4098273,41386,0,7312,0,0,0,0,0,preparing to relax at 847,0.35214285714285715
847,0,0,4098273,41386,0,7312,0,0,0,0,0,preparing to relax at 849,0.35214285714285715
848,0,0,4098273,41386,0,7312,0,0,0,0,0,preparing to relax at 849,0.35214285714285715
849,0,0,4098273,41386,0,7312,0,0,0,0,0,preparing to relax at 851,0.35214285714285715
850,0,0,4098273,41386,0,7312,0,0,0,0,0,preparing to relax at 851,0.35214285714285715
851,0,0,4098273,41386,0,7312,0,0,0,0,0,preparing to relax at 853,0.35214285714285715
852,0,0,4098273,41386,0,7312,0,0,0,0,0,preparing to relax at 853,0.35214285714285715
853,0,0,4098273,41386,0,7312,0,0,0,0,0,preparing to relax at 855,0.35214285714285715
854,0,0,4098273,41386,0,7312,0,0,0,0,0,preparing to relax at 855,0.35214285714285715
855,0,0,4098273,41386,0,7312,0,0,0,0,0,preparing to relax at 857,0.35214285714285715
856,0,0,4098273,41386,0,7312,0,0,0,0,0,preparing to relax at 857,0.35214285714285715
857,0,0,4098273,41386,0,7312,0,0,0,0,0,preparing to relax at 859,0.35214285714285715
858,0,0,4098273,41386,0,7312,0,0,0,0,0,preparing to relax at 859,0.35214285714285715
859,0,0,4098273,41386,0,7312,0,0,0,0,0,preparing to relax at 861,0.35214285714285715
860,0,0,4098273,41386,0,7312,0,0,0,0,0,preparing to relax at 861,0.35214285714285715
861,0,0,4098273,41386,0,7312,0,0,0,0,0,preparing to relax at 863,0.35214285714285715
862,0,0,4098273,41386,0,7312,0,0,0,0,0,preparing to relax at 863,0.35214285714285715
863,0,0,4098273,41386,0,7312,0,0,0,0,0,preparing to relax at 865,0.35214285714285715
864,0,0,4098273,41386,0,7312,0,0,0,0,0,preparing to relax at 865,0.35214285714285715
865,0,0,4098273,41386,0,7312,0,0,0,0,0,preparing to relax at 867,0.35214285714285715
866,0,0,4098273,41386,0,7312,0,0,0,0,0,preparing to relax at 867,0.35214285714285715
867,0,0,4098273,41386,0,7312,0,0,0,0,0,preparing to relax at 869,0.35214285714285715
868,0,0,4098273,41386,0,7312,0,0,0,0,0,preparing to relax at 869,0.35214285714285715
869,0,0,4098273,41386,0,7312,0,0,0,0,0,preparing to relax at 871,0.35214285714285715
870,0,0,4098273,41386,0,7312,0,0,0,0,0,preparing to relax at 871,0.35214285714285715
871,0,0,4098273,41386,0,7312,0,0,0,0,0,preparing to relax at 873,0.35214285714285715
872,0,0,4098273,41386,0,7312,0,0,0,0,0,preparing to relax at 873,0.35214285714285715
873,0,0,4098273,41386,0,7312,0,0,0,0,0,preparing to relax at 875,0.35214285714285715
874,0,0,4098273,41386,0,7312,0,0,0,0,0,preparing to relax at 875,0.35214285714285715
875,0,0,4098273,41386,0,7312,0,0,0,0,0,preparing to relax at 877,0.35214285714285715
876,0,0,4098273,41386,0,7312,0,0,0,0,0,preparing to relax at 877,0.35214285714285715
877,0,0,4098273,41386,0,7312,0,0,0,0,0,preparing to relax at 879,0.35214285714285715
878,0,0,4098273,41386,0,7312,0,0,0,0,0,preparing to relax at 879,0.35214285714285715
879,0,0,4098273,41386,0,7312,0,0,0,0,0,preparing to relax at 881,0.35214285714285715
880,0,0,4098273,41386,0,7312,0,0,0,0,0,preparing to relax at 881,0.35214285714285715
881,0,0,4098273,41386,0,7312,0,0,0,0,0,preparing to relax at 883,0.35214285714285715
882,0,0,4098273,41386,0,7312,0,0,0,0,0,preparing to relax at 883,0.35214285714285715
883,0,0,4098273,41386,0,7312,0,0,0,0,0,preparing to relax at 885,0.35214285714285715
884,0,0,4098273,41386,0,7312,0,0,0,0,0,preparing to relax at 885,0.35214285714285715
885,0,0,4098273,41386,0,7312,0,0,0,0,0,preparing to relax at 887,0.35214285714285715
886,0,0,4098273,41386,0,7312,0,0,0,0,0,preparing to relax at 887,0.35214285714285715
887,0,0,4098273,41386,0,7312,0,0,0,0,0,preparing to relax at 889,0.35214285714285715
888,0,0,4098273,41386,0,7312,0,0,0,0,0,preparing to relax at 889,0.35214285714285715
889,0,0,4098273,41386,0,7312,0,0,0,0,0,preparing to relax at 891,0.35214285714285715
890,0,0,4098273,41386,0,7312,0,0,0,0,0,preparing to relax at 891,0.35214285714285715
891,0,0,4098273,41386,0,7312,0,0,0,0,0,preparing to relax at 893,0.35214285714285715
892,0,0,4098273,41386,0,7312,0,0,0,0,0,preparing to relax at 893,0.35214285714285715
893,0,0,4098273,41386,0,7312,0,0,0,0,0,preparing to relax at 895,0.35214285714285715
894,0,0,4098273,41386,0,7312,0,0,0,0,0,preparing to relax at 895,0.35214285714285715
895,0,0,4098273,41386,0,7312,0,0,0,0,0,preparing to relax at 897,0.35214285714285715
896,0,0,4098273,41386,0,7312,0,0,0,0,0,preparing to relax at 897,0.35214285714285715
897,0,0,4098273,41386,0,7312,0,0,0,0,0,preparing to relax at 899,0.35214285714285715
898,0,0,4098273,41386,0,7312,0,0,0,0,0,preparing to relax at 899,0.35214285714285715
899,0,0,4098273,41386,0,7312,0,0,0,0,0,preparing to relax at 901,0.35214285714285715
900,0,0,4098273,41386,0,7312,0,0,0,0,0,preparing to relax at 901,0.35214285714285715
901,0,0,4098273,41386,0,7312,0,0,0,0,0,preparing to relax at 903,0.35214285714285715
902,0,0,4098273,41386,0,7312,0,0,0,0,0,preparing to relax at 903,0.35214285714285715
903,0,0,4098273,41386,0,7312,0,0,0,0,0,preparing to relax at 905,0.35214285714285715
904,0,0,4098273,41386,0,7312,0,0,0,0,0,preparing to relax at 905,0.35214285714285715
905,0,0,4098273,41386,0,7312,0,0,0,0,0,preparing to relax at 907,0.35214285714285715
906,0,0,4098273,41386,0,7312,0,0,0,0,0,preparing to relax at 907,0.35214285714285715
907,0,0,4098273,41386,0,7312,0,0,0,0,0,preparing to relax at 909,0.35214285714285715
908,0,0,4098273,41386,0,7312,0,0,0,0,0,preparing to relax at 909,0.35214285714285715
909,0,0,4098273,41386,0,7312,0,0,0,0,0,preparing to relax at 911,0.35214285714285715
910,0,0,4098273,41386,0,7312,0,0,0,0,0,preparing to relax at 911,0.35214285714285715
911,0,0,4098273,41386,0,7312,0,0,0,0,0,preparing to relax at 913,0.35214285714285715
912,0,0,4098273,41386,0,7312,0,0,0,0,0,preparing to relax at 913,0.35214285714285715
913,0,0,4098273,41386,0,7312,0,0,0,0,0,preparing to relax at 915,0.35214285714285715
914,0,0,4098273,41386,0,7312,0,0,0,0,0,preparing to relax at 915,0.35214285714285715
915,0,0,4098273,41386,0,7312,0,0,0,0,0,preparing to relax at 917,0.35214285714285715
916,0,0,4098273,41386,0,7312,0,0,0,0,0,preparing to relax at 917,0.35214285714285715
917,0,0,4098273,41386,0,7312,0,0,0,0,0,preparing to relax at 919,0.35214285714285715
918,0,0,4098273,41386,0,7312,0,0,0,0,0,preparing to relax at 919,0.35214285714285715
919,0,0,4098273,41386,0,7312,0,0,0,0,0,preparing to relax at 921,0.35214285714285715
920,0,0,4098273,41386,0,7312,0,0,0,0,0,preparing to relax at 921,0.35214285714285715
921,0,0,4098273,41386,0,7312,0,0,0,0,0,preparing to relax at 923,0.35214285714285715
922,0,0,4098273,41386,0,7312,0,0,0,0,0,preparing to relax at 923,0.35214285714285715
923,0,0,4098273,41386,0,7312,0,0,0,0,0,preparing to relax at 925,0.35214285714285715
924,0,0,4098273,41386,0,7312,0,0,0,0,0,preparing to relax at 925,0.35214285714285715
925,0,0,4098273,41386,0,7312,0,0,0,0,0,preparing to relax at 927,0.35214285714285715
926,0,0,4098273,41386,0,7312,0,0,0,0,0,preparing to relax at 927,0.35214285714285715
927,0,0,4098273,41386,0,7312,0,0,0,0,0,preparing to relax at 929,0.35214285714285715
928,0,0,4098273,41386,0,7312,0,0,0,0,0,preparing to relax at 929,0.35214285714285715
929,0,0,4098273,41386,0,7312,0,0,0,0,0,preparing to relax at 931,0.35214285714285715
930,0,0,4098273,41386,0,7312,0,0,0,0,0,preparing to relax at 931,0.35214285714285715
931,0,0,4098273,41386,0,7312,0,0,0,0,0,preparing to relax at 933,0.35214285714285715
932,0,0,4098273,41386,0,7312,0,0,0,0,0,preparing to relax at 933,0.35214285714285715
933,0,0,4098273,41386,0,7312,0,0,0,0,0,preparing to relax at 935,0.35214285714285715
934,0,0,4098273,41386,0,7312,0,0,0,0,0,preparing to relax at 935,0.35214285714285715
935,0,0,4098273,41386,0,7312,0,0,0,0,0,preparing to relax at 937,0.35214285714285715
936,0,0,4098273,41386,0,7312,0,0,0,0,0,preparing to relax at 937,0.35214285714285715
937,0,0,4098273,41386,0,7312,0,0,0,0,0,preparing to relax at 939,0.35214285714285715
938,0,0,4098273,41386,0,7312,0,0,0,0,0,preparing to relax at 939,0.35214285714285715
939,0,0,4098273,41386,0,7312,0,0,0,0,0,preparing to relax at 941,0.35214285714285715
940,0,0,4098273,41386,0,7312,0,0,0,0,0,preparing to relax at 941,0.35214285714285715
941,0,0,4098273,41386,0,7312,0,0,0,0,0,preparing to relax at 943,0.35214285714285715
942,0,0,4098273,41386,0,7312,0,0,0,0,0,preparing to relax at 943,0.35214285714285715
943,0,0,4098273,41386,0,7312,0,0,0,0,0,preparing to relax at 945,0.35214285714285715
944,0,0,4098273,41386,0,7312,0,0,0,0,0,preparing to relax at 945,0.35214285714285715
945,0,0,4098273,41386,0,7312,0,0,0,0,0,preparing to relax at 947,0.35214285714285715
946,0,0,4098273,41386,0,7312,0,0,0,0,0,preparing to relax at 947,0.35214285714285715
947,0,0,4098273,41386,0,7312,0,0,0,0,0,preparing to relax at 949,0.35214285714285715
948,0,0,4098273,41386,0,7312,0,0,0,0,0,preparing to relax at 949,0.35214285714285715
949,0,0,4098273,41386,0,7312,0,0,0,0,0,preparing to relax at 951,0.35214285714285715
950,0,0,4098273,41386,0,7312,0,0,0,0,0,preparing to relax at 951,0.35214285714285715
951,0,0,4098273,41386,0,7312,0,0,0,0,0,preparing to relax at 953,0.35214285714285715
952,0,0,4098273,41386,0,7312,0,0,0,0,0,preparing to relax at 953,0.35214285714285715
953,0,0,4098273,41386,0,7312,0,0,0,0,0,preparing to relax at 955,0.35214285714285715
954,0,0,4098273,41386,0,7312,0,0,0,0,0,preparing to relax at 955,0.35214285714285715
955,0,0,4098273,41386,0,7312,0,0,0,0,0,preparing to relax at 957,0.35214285714285715
956,0,0,4098273,41386,0,7312,0,0,0,0,0,preparing to relax at 957,0.35214285714285715
957,0,0,4098273,41386,0,7312,0,0,0,0,0,preparing to relax at 959,0.35214285714285715
958,0,0,4098273,41386,0,7312,0,0,0,0,0,preparing to relax at 959,0.35214285714285715
959,0,0,4098273,41386,0,7312,0,0,0,0,0,preparing to relax at 961,0.35214285714285715
960,0,0,4098273,41386,0,7312,0,0,0,0,0,preparing to relax at 961,0.35214285714285715
961,0,0,4098273,41386,0,7312,0,0,0,0,0,preparing to relax at 963,0.35214285714285715
962,0,0,4098273,41386,0,7312,0,0,0,0,0,preparing to relax at 963,0.35214285714285715
963,0,0,4098273,41386,0,7312,0,0,0,0,0,preparing to relax at 965,0.35214285714285715
964,0,0,4098273,41386,0,7312,0,0,0,0,0,preparing to relax at 965,0.35214285714285715
965,0,0,4098273,41386,0,7312,0,0,0,0,0,preparing to relax at 967,0.35214285714285715
966,0,0,4098273,41386,0,7312,0,0,0,0,0,preparing to relax at 967,0.35214285714285715
967,0,0,4098273,41386,0,7312,0,0,0,0,0,preparing to relax at 969,0.35214285714285715
968,0,0,4098273,41386,0,7312,0,0,0,0,0,preparing to relax at 969,0.35214285714285715
969,0,0,4098273,41386,0,7312,0,0,0,0,0,preparing to relax at 971,0.35214285714285715
970,0,0,4098273,41386,0,7312,0,0,0,0,0,preparing to relax at 971,0.35214285714285715
971,0,0,4098273,41386,0,7312,0,0,0,0,0,preparing to relax at 973,0.35214285714285715
972,0,0,4098273,41386,0,7312,0,0,0,0,0,preparing to relax at 973,0.35214285714285715
973,0,0,4098273,41386,0,7312,0,0,0,0,0,preparing to relax at 975,0.35214285714285715
974,0,0,4098273,41386,0,7312,0,0,0,0,0,preparing to relax at 975,0.35214285714285715
975,0,0,4098273,41386,0,7312,0,0,0,0,0,preparing to relax at 977,0.35214285714285715
976,0,0,4098273,41386,0,7312,0,0,0,0,0,preparing to relax at 977,0.35214285714285715
977,0,0,4098273,41386,0,7312,0,0,0,0,0,preparing to relax at 979,0.35214285714285715
978,0,0,4098273,41386,0,7312,0,0,0,0,0,preparing to relax at 979,0.35214285714285715
979,0,0,4098273,41386,0,7312,0,0,0,0,0,preparing to relax at 981,0.35214285714285715
980,0,0,4098273,41386,0,7312,0,0,0,0,0,preparing to relax at 981,0.35214285714285715
981,0,0,4098273,41386,0,7312,0,0,0,0,0,preparing to relax at 983,0.35214285714285715
982,0,0,4098273,41386,0,7312,0,0,0,0,0,preparing to relax at 983,0.35214285714285715
983,0,0,4098273,41386,0,7312,0,0,0,0,0,preparing to relax at 985,0.35214285714285715
984,0,0,4098273,41386,0,7312,0,0,0,0,0,preparing to relax at 985,0.35214285714285715
985,0,0,4098273,41386,0,7312,0,0,0,0,0,preparing to relax at 987,0.35214285714285715
986,0,0,4098273,41386,0,7312,0,0,0,0,0,preparing to relax at 987,0.35214285714285715
987,0,0,4098273,41386,0,7312,0,0,0,0,0,preparing to relax at 989,0.35214285714285715
988,0,0,4098273,41386,0,7312,0,0,0,0,0,preparing to relax at 989,0.35214285714285715
989,0,0,4098273,41386,0,7312,0,0,0,0,0,preparing to relax at 991,0.35214285714285715
990,0,0,4098273,41386,0,7312,0,0,0,0,0,preparing to relax at 991,0.35214285714285715
991,0,0,4098273,41386,0,7312,0,0,0,0,0,preparing to relax at 993,0.35214285714285715
992,0,0,4098273,41386,0,7312,0,0,0,0,0,preparing to relax at 993,0.35214285714285715
993,0,0,4098273,41386,0,7312,0,0,0,0,0,preparing to relax at 995,0.35214285714285715
994,0,0,4098273,41386,0,7312,0,0,0,0,0,preparing to relax at 995,0.35214285714285715
995,0,0,4098273,41386,0,7312,0,0,0,0,0,preparing to relax at 997,0.35214285714285715
996,0,0,4098273,41386,0,7312,0,0,0,0,0,preparing to relax at 997,0.35214285714285715
997,0,0,4098273,41386,0,7312,0,0,0,0,0,preparing to relax at 999,0.35214285714285715
998,0,0,4098273,41386,0,7312,0,0,0,0,0,preparing to relax at 999,0.35214285714285715
999,0,0,4098273,41386,0,7312,0,0,0,0,0,preparing to relax at 1001,0.35214285714285715
1000,0,0,4098273,41386,0,7312,0,0,0,0,0,preparing to relax at 1001,0.35214285714285715
1001,0,0,4098273,41386,0,7312,0,0,0,0,0,preparing to relax at 1003,0.35214285714285715
1002,0,0,4098273,41386,0,7312,0,0,0,0,0,preparing to relax at 1003,0.35214285714285715
1003,0,0,4098273,41386,0,7312,0,0,0,0,0,preparing to relax at 1005,0.35214285714285715
1004,0,0,4098273,41386,0,7312,0,0,0,0,0,preparing to relax at 1005,0.35214285714285715
1005,0,0,4098273,41386,0,7312,0,0,0,0,0,preparing to relax at 1007,0.35214285714285715
1006,0,0,4098273,41386,0,7312,0,0,0,0,0,preparing to relax at 1007,0.35214285714285715
1007,0,0,4098273,41386,0,7312,0,0,0,0,0,preparing to relax at 1009,0.35214285714285715
1008,0,0,4098273,41386,0,7312,0,0,0,0,0,preparing to relax at 1009,0.35214285714285715
1009,0,0,4098273,41386,0,7312,0,0,0,0,0,preparing to relax at 1011,0.35214285714285715
1010,0,0,4098273,41386,0,7312,0,0,0,0,0,preparing to relax at 1011,0.35214285714285715
1011,0,0,4098273,41386,0,7312,0,0,0,0,0,preparing to relax at 1013,0.35214285714285715
1012,0,0,4098273,41386,0,7312,0,0,0,0,0,preparing to relax at 1013,0.35214285714285715
1013,0,0,4098273,41386,0,7312,0,0,0,0,0,preparing to relax at 1015,0.35214285714285715
1014,0,0,4098273,41386,0,7312,0,0,0,0,0,preparing to relax at 1015,0.35214285714285715
1015,0,0,4098273,41386,0,7312,0,0,0,0,0,preparing to relax at 1017,0.35214285714285715
1016,0,0,4098273,41386,0,7312,0,0,0,0,0,preparing to relax at 1017,0.35214285714285715
1017,0,0,4098273,41386,0,7312,0,0,0,0,0,preparing to relax at 1019,0.35214285714285715
1018,0,0,4098273,41386,0,7312,0,0,0,0,0,preparing to relax at 1019,0.35214285714285715
1019,0,0,4098273,41386,0,7312,0,0,0,0,0,preparing to relax at 1021,0.35214285714285715
1020,0,0,4098273,41386,0,7312,0,0,0,0,0,preparing to relax at 1021,0.35214285714285715
1021,0,0,4098273,41386,0,7312,0,0,0,0,0,preparing to relax at 1023,0.35214285714285715
1022,0,0,4098273,41386,0,7312,0,0,0,0,0,preparing to relax at 1023,0.35214285714285715
1023,0,0,4098273,41386,0,7312,0,0,0,0,0,preparing to relax at 1025,0.35214285714285715
1024,0,0,4098273,41386,0,7312,0,0,0,0,0,preparing to relax at 1025,0.35214285714285715
1025,0,0,4098273,41386,0,7312,0,0,0,0,0,preparing to relax at 1027,0.35214285714285715
1026,0,0,4098273,41386,0,7312,0,0,0,0,0,preparing to relax at 1027,0.35214285714285715
1027,0,0,4098273,41386,0,7312,0,0,0,0,0,preparing to relax at 1029,0.35214285714285715
1028,0,0,4098273,41386,0,7312,0,0,0,0,0,preparing to relax at 1029,0.35214285714285715
1029,0,0,4098273,41386,0,7312,0,0,0,0,0,preparing to relax at 1031,0.35214285714285715
1030,0,0,4098273,41386,0,7312,0,0,0,0,0,preparing to relax at 1031,0.35214285714285715
1031,0,0,4098273,41386,0,7312,0,0,0,0,0,preparing to relax at 1033,0.35214285714285715
1032,0,0,4098273,41386,0,7312,0,0,0,0,0,preparing to relax at 1033,0.35214285714285715
1033,0,0,4098273,41386,0,7312,0,0,0,0,0,preparing to relax at 1035,0.35214285714285715
1034,0,0,4098273,41386,0,7312,0,0,0,0,0,preparing to relax at 1035,0.35214285714285715
1035,0,0,4098273,41386,0,7312,0,0,0,0,0,preparing to relax at 1037,0.35214285714285715
1036,0,0,4098273,41386,0,7312,0,0,0,0,0,preparing to relax at 1037,0.35214285714285715
1037,0,0,4098273,41386,0,7312,0,0,0,0,0,preparing to relax at 1039,0.35214285714285715
1038,0,0,4098273,41386,0,7312,0,0,0,0,0,preparing to relax at 1039,0.35214285714285715
1039,0,0,4098273,41386,0,7312,0,0,0,0,0,preparing to relax at 1041,0.35214285714285715
1040,0,0,4098273,41386,0,7312,0,0,0,0,0,preparing to relax at 1041,0.35214285714285715
1041,0,0,4098273,41386,0,7312,0,0,0,0,0,preparing to relax at 1043,0.35214285714285715
1042,0,0,4098273,41386,0,7312,0,0,0,0,0,preparing to relax at 1043,0.35214285714285715
1043,0,0,4098273,41386,0,7312,0,0,0,0,0,preparing to relax at 1045,0.35214285714285715
1044,0,0,4098273,41386,0,7312,0,0,0,0,0,preparing to relax at 1045,0.35214285714285715
1045,0,0,4098273,41386,0,7312,0,0,0,0,0,preparing to relax at 1047,0.35214285714285715
1046,0,0,4098273,41386,0,7312,0,0,0,0,0,preparing to relax at 1047,0.35214285714285715
1047,0,0,4098273,41386,0,7312,0,0,0,0,0,preparing to relax at 1049,0.35214285714285715
1048,0,0,4098273,41386,0,7312,0,0,0,0,0,preparing to relax at 1049,0.35214285714285715
1049,0,0,4098273,41386,0,7312,0,0,0,0,0,preparing to relax at 1051,0.35214285714285715
1050,0,0,4098273,41386,0,7312,0,0,0,0,0,preparing to relax at 1051,0.35214285714285715
1051,0,0,4098273,41386,0,7312,0,0,0,0,0,preparing to relax at 1053,0.35214285714285715
1052,0,0,4098273,41386,0,7312,0,0,0,0,0,preparing to relax at 1053,0.35214285714285715
1053,0,0,4098273,41386,0,7312,0,0,0,0,0,preparing to relax at 1055,0.35214285714285715
1054,0,0,4098273,41386,0,7312,0,0,0,0,0,preparing to relax at 1055,0.35214285714285715
1055,0,0,4098273,41386,0,7312,0,0,0,0,0,preparing to relax at 1057,0.35214285714285715
1056,0,0,4098273,41386,0,7312,0,0,0,0,0,preparing to relax at 1057,0.35214285714285715
1057,0,0,4098273,41386,0,7312,0,0,0,0,0,preparing to relax at 1059,0.35214285714285715
1058,0,0,4098273,41386,0,7312,0,0,0,0,0,preparing to relax at 1059,0.35214285714285715
1059,0,0,4098273,41386,0,7312,0,0,0,0,0,preparing to relax at 1061,0.35214285714285715
1060,0,0,4098273,41386,0,7312,0,0,0,0,0,preparing to relax at 1061,0.35214285714285715
1061,0,0,4098273,41386,0,7312,0,0,0,0,0,preparing to relax at 1063,0.35214285714285715
1062,0,0,4098273,41386,0,7312,0,0,0,0,0,preparing to relax at 1063,0.35214285714285715
1063,0,0,4098273,41386,0,7312,0,0,0,0,0,preparing to relax at 1065,0.35214285714285715
1064,0,0,4098273,41386,0,7312,0,0,0,0,0,preparing to relax at 1065,0.35214285714285715
1065,0,0,4098273,41386,0,7312,0,0,0,0,0,preparing to relax at 1067,0.35214285714285715
1066,0,0,4098273,41386,0,7312,0,0,0,0,0,preparing to relax at 1067,0.35214285714285715
1067,0,0,4098273,41386,0,7312,0,0,0,0,0,preparing to relax at 1069,0.35214285714285715
1068,0,0,4098273,41386,0,7312,0,0,0,0,0,preparing to relax at 1069,0.35214285714285715
1069,0,0,4098273,41386,0,7312,0,0,0,0,0,preparing to relax at 1071,0.35214285714285715
1070,0,0,4098273,41386,0,7312,0,0,0,0,0,preparing to relax at 1071,0.35214285714285715
1071,0,0,4098273,41386,0,7312,0,0,0,0,0,preparing to relax at 1073,0.35214285714285715
1072,0,0,4098273,41386,0,7312,0,0,0,0,0,preparing to relax at 1073,0.35214285714285715
1073,0,0,4098273,41386,0,7312,0,0,0,0,0,preparing to relax at 1075,0.35214285714285715
1074,0,0,4098273,41386,0,7312,0,0,0,0,0,preparing to relax at 1075,0.35214285714285715
1075,0,0,4098273,41386,0,7312,0,0,0,0,0,preparing to relax at 1077,0.35214285714285715
1076,0,0,4098273,41386,0,7312,0,0,0,0,0,preparing to relax at 1077,0.35214285714285715
1077,0,0,4098273,41386,0,7312,0,0,0,0,0,preparing to relax at 1079,0.35214285714285715
1078,0,0,4098273,41386,0,7312,0,0,0,0,0,preparing to relax at 1079,0.35214285714285715
1079,0,0,4098273,41386,0,7312,0,0,0,0,0,preparing to relax at 1081,0.35214285714285715
1080,0,0,4098273,41386,0,7312,0,0,0,0,0,preparing to relax at 1081,0.35214285714285715
1081,0,0,4098273,41386,0,7312,0,0,0,0,0,preparing to relax at 1083,0.35214285714285715
1082,0,0,4098273,41386,0,7312,0,0,0,0,0,preparing to relax at 1083,0.35214285714285715
1083,0,0,4098273,41386,0,7312,0,0,0,0,0,preparing to relax at 1085,0.35214285714285715
1084,0,0,4098273,41386,0,7312,0,0,0,0,0,preparing to relax at 1085,0.35214285714285715
1085,0,0,4098273,41386,0,7312,0,0,0,0,0,preparing to relax at 1087,0.35214285714285715
1086,0,0,4098273,41386,0,7312,0,0,0,0,0,preparing to relax at 1087,0.35214285714285715
1087,0,0,4098273,41386,0,7312,0,0,0,0,0,preparing to relax at 1089,0.35214285714285715
1088,0,0,4098273,41386,0,7312,0,0,0,0,0,preparing to relax at 1089,0.35214285714285715
1089,0,0,4098273,41386,0,7312,0,0,0,0,0,preparing to relax at 1091,0.35214285714285715
1090,0,0,4098273,41386,0,7312,0,0,0,0,0,preparing to relax at 1091,0.35214285714285715
1091,0,0,4098273,41386,0,7312,0,0,0,0,0,preparing to relax at 1093,0.35214285714285715
1092,0,0,4098273,41386,0,7312,0,0,0,0,0,preparing to relax at 1093,0.35214285714285715
1093,0,0,4098273,41386,0,7312,0,0,0,0,0,preparing to relax at 1095,0.35214285714285715
1094,0,0,4098273,41386,0,7312,0,0,0,0,0,preparing to relax at 1095,0.35214285714285715
1095,0,0,4098273,41386,0,7312,0,0,0,0,0,preparing to relax at 1097,0.35214285714285715
1096,0,0,4098273,41386,0,7312,0,0,0,0,0,preparing to relax at 1097,0.35214285714285715
1097,0,0,4098273,41386,0,7312,0,0,0,0,0,preparing to relax at 1099,0.35214285714285715
1098,0,0,4098273,41386,0,7312,0,0,0,0,0,preparing to relax at 1099,0.35214285714285715
1099,0,0,4098273,41386,0,7312,0,0,0,0,0,preparing to relax at 1101,0.35214285714285715
1100,0,0,4098273,41386,0,7312,0,0,0,0,0,preparing to relax at 1101,0.35214285714285715
1101,0,0,4098273,41386,0,7312,0,0,0,0,0,preparing to relax at 1103,0.35214285714285715
1102,0,0,4098273,41386,0,7312,0,0,0,0,0,preparing to relax at 1103,0.35214285714285715
1103,0,0,4098273,41386,0,7312,0,0,0,0,0,preparing to relax at 1105,0.35214285714285715
1104,0,0,4098273,41386,0,7312,0,0,0,0,0,preparing to relax at 1105,0.35214285714285715
1105,0,0,4098273,41386,0,7312,0,0,0,0,0,preparing to relax at 1107,0.35214285714285715
1106,0,0,4098273,41386,0,7312,0,0,0,0,0,preparing to relax at 1107,0.35214285714285715
1107,0,0,4098273,41386,0,7312,0,0,0,0,0,preparing to relax at 1109,0.35214285714285715
1108,0,0,4098273,41386,0,7312,0,0,0,0,0,preparing to relax at 1109,0.35214285714285715
1109,0,0,4098273,41386,0,7312,0,0,0,0,0,preparing to relax at 1111,0.35214285714285715
1110,0,0,4098273,41386,0,7312,0,0,0,0,0,preparing to relax at 1111,0.35214285714285715
1111,0,0,4098273,41386,0,7312,0,0,0,0,0,preparing to relax at 1113,0.35214285714285715
1112,0,0,4098273,41386,0,7312,0,0,0,0,0,preparing to relax at 1113,0.35214285714285715
1113,0,0,4098273,41386,0,7312,0,0,0,0,0,preparing to relax at 1115,0.35214285714285715
1114,0,0,4098273,41386,0,7312,0,0,0,0,0,preparing to relax at 1115,0.35214285714285715
1115,0,0,4098273,41386,0,7312,0,0,0,0,0,preparing to relax at 1117,0.35214285714285715
1116,0,0,4098273,41386,0,7312,0,0,0,0,0,preparing to relax at 1117,0.35214285714285715
1117,0,0,4098273,41386,0,7312,0,0,0,0,0,preparing to relax at 1119,0.35214285714285715
1118,0,0,4098273,41386,0,7312,0,0,0,0,0,preparing to relax at 1119,0.35214285714285715
1119,0,0,4098273,41386,0,7312,0,0,0,0,0,preparing to relax at 1121,0.35214285714285715
1120,0,0,4098273,41386,0,7312,0,0,0,0,0,preparing to relax at 1121,0.35214285714285715
1121,0,0,4098273,41386,0,7312,0,0,0,0,0,preparing to relax at 1123,0.35214285714285715
1122,0,0,4098273,41386,0,7312,0,0,0,0,0,preparing to relax at 1123,0.35214285714285715
1123,0,0,4098273,41386,0,7312,0,0,0,0,0,preparing to relax at 1125,0.35214285714285715
1124,0,0,4098273,41386,0,7312,0,0,0,0,0,preparing to relax at 1125,0.35214285714285715
1125,0,0,4098273,41386,0,7312,0,0,0,0,0,preparing to relax at 1127,0.35214285714285715
1126,0,0,4098273,41386,0,7312,0,0,0,0,0,preparing to relax at 1127,0.35214285714285715
1127,0,0,4098273,41386,0,7312,0,0,0,0,0,preparing to relax at 1129,0.35214285714285715
1128,0,0,4098273,41386,0,7312,0,0,0,0,0,preparing to relax at 1129,0.35214285714285715
1129,0,0,4098273,41386,0,7312,0,0,0,0,0,preparing to relax at 1131,0.35214285714285715
1130,0,0,4098273,41386,0,7312,0,0,0,0,0,preparing to relax at 1131,0.35214285714285715
1131,0,0,4098273,41386,0,7312,0,0,0,0,0,preparing to relax at 1133,0.35214285714285715
1132,0,0,4098273,41386,0,7312,0,0,0,0,0,preparing to relax at 1133,0.35214285714285715
1133,0,0,4098273,41386,0,7312,0,0,0,0,0,preparing to relax at 1135,0.35214285714285715
1134,0,0,4098273,41386,0,7312,0,0,0,0,0,preparing to relax at 1135,0.35214285714285715
1135,0,0,4098273,41386,0,7312,0,0,0,0,0,preparing to relax at 1137,0.35214285714285715
1136,0,0,4098273,41386,0,7312,0,0,0,0,0,preparing to relax at 1137,0.35214285714285715
1137,0,0,4098273,41386,0,7312,0,0,0,0,0,preparing to relax at 1139,0.35214285714285715
1138,0,0,4098273,41386,0,7312,0,0,0,0,0,preparing to relax at 1139,0.35214285714285715
1139,0,0,4098273,41386,0,7312,0,0,0,0,0,preparing to relax at 1141,0.35214285714285715
1140,0,0,4098273,41386,0,7312,0,0,0,0,0,preparing to relax at 1141,0.35214285714285715
1141,0,0,4098273,41386,0,7312,0,0,0,0,0,preparing to relax at 1143,0.35214285714285715
1142,0,0,4098273,41386,0,7312,0,0,0,0,0,preparing to relax at 1143,0.35214285714285715
1143,0,0,4098273,41386,0,7312,0,0,0,0,0,preparing to relax at 1145,0.35214285714285715
1144,0,0,4098273,41386,0,7312,0,0,0,0,0,preparing to relax at 1145,0.35214285714285715
1145,0,0,4098273,41386,0,7312,0,0,0,0,0,preparing to relax at 1147,0.35214285714285715
1146,0,0,4098273,41386,0,7312,0,0,0,0,0,preparing to relax at 1147,0.35214285714285715
1147,0,0,4098273,41386,0,7312,0,0,0,0,0,preparing to relax at 1149,0.35214285714285715
1148,0,0,4098273,41386,0,7312,0,0,0,0,0,preparing to relax at 1149,0.35214285714285715
1149,0,0,4098273,41386,0,7312,0,0,0,0,0,preparing to relax at 1151,0.35214285714285715
1150,0,0,4098273,41386,0,7312,0,0,0,0,0,preparing to relax at 1151,0.35214285714285715
1151,0,0,4098273,41386,0,7312,0,0,0,0,0,preparing to relax at 1153,0.35214285714285715
1152,0,0,4098273,41386,0,7312,0,0,0,0,0,preparing to relax at 1153,0.35214285714285715
1153,0,0,4098273,41386,0,7312,0,0,0,0,0,preparing to relax at 1155,0.35214285714285715
1154,0,0,4098273,41386,0,7312,0,0,0,0,0,preparing to relax at 1155,0.35214285714285715
1155,0,0,4098273,41386,0,7312,0,0,0,0,0,preparing to relax at 1157,0.35214285714285715
1156,0,0,4098273,41386,0,7312,0,0,0,0,0,preparing to relax at 1157,0.35214285714285715
1157,0,0,4098273,41386,0,7312,0,0,0,0,0,preparing to relax at 1159,0.35214285714285715
1158,0,0,4098273,41386,0,7312,0,0,0,0,0,preparing to relax at 1159,0.35214285714285715
1159,0,0,4098273,41386,0,7312,0,0,0,0,0,preparing to relax at 1161,0.35214285714285715
1160,0,0,4098273,41386,0,7312,0,0,0,0,0,preparing to relax at 1161,0.35214285714285715
1161,0,0,4098273,41386,0,7312,0,0,0,0,0,preparing to relax at 1163,0.35214285714285715
1162,0,0,4098273,41386,0,7312,0,0,0,0,0,preparing to relax at 1163,0.35214285714285715
1163,0,0,4098273,41386,0,7312,0,0,0,0,0,preparing to relax at 1165,0.35214285714285715
1164,0,0,4098273,41386,0,7312,0,0,0,0,0,preparing to relax at 1165,0.35214285714285715
1165,0,0,4098273,41386,0,7312,0,0,0,0,0,preparing to relax at 1167,0.35214285714285715
1166,0,0,4098273,41386,0,7312,0,0,0,0,0,preparing to relax at 1167,0.35214285714285715
1167,0,0,4098273,41386,0,7312,0,0,0,0,0,preparing to relax at 1169,0.35214285714285715
1168,0,0,4098273,41386,0,7312,0,0,0,0,0,preparing to relax at 1169,0.35214285714285715
1169,0,0,4098273,41386,0,7312,0,0,0,0,0,preparing to relax at 1171,0.35214285714285715
1170,0,0,4098273,41386,0,7312,0,0,0,0,0,preparing to relax at 1171,0.35214285714285715
1171,0,0,4098273,41386,0,7312,0,0,0,0,0,preparing to relax at 1173,0.35214285714285715
1172,0,0,4098273,41386,0,7312,0,0,0,0,0,preparing to relax at 1173,0.35214285714285715
1173,0,0,4098273,41386,0,7312,0,0,0,0,0,preparing to relax at 1175,0.35214285714285715
1174,0,0,4098273,41386,0,7312,0,0,0,0,0,preparing to relax at 1175,0.35214285714285715
1175,0,0,4098273,41386,0,7312,0,0,0,0,0,preparing to relax at 1177,0.35214285714285715
1176,0,0,4098273,41386,0,7312,0,0,0,0,0,preparing to relax at 1177,0.35214285714285715
1177,0,0,4098273,41386,0,7312,0,0,0,0,0,preparing to relax at 1179,0.35214285714285715
1178,0,0,4098273,41386,0,7312,0,0,0,0,0,preparing to relax at 1179,0.35214285714285715
1179,0,0,4098273,41386,0,7312,0,0,0,0,0,preparing to relax at 1181,0.35214285714285715
1180,0,0,4098273,41386,0,7312,0,0,0,0,0,preparing to relax at 1181,0.35214285714285715
1181,0,0,4098273,41386,0,7312,0,0,0,0,0,preparing to relax at 1183,0.35214285714285715
1182,0,0,4098273,41386,0,7312,0,0,0,0,0,preparing to relax at 1183,0.35214285714285715
1183,0,0,4098273,41386,0,7312,0,0,0,0,0,preparing to relax at 1185,0.35214285714285715
1184,0,0,4098273,41386,0,7312,0,0,0,0,0,preparing to relax at 1185,0.35214285714285715
1185,0,0,4098273,41386,0,7312,0,0,0,0,0,preparing to relax at 1187,0.35214285714285715
1186,0,0,4098273,41386,0,7312,0,0,0,0,0,preparing to relax at 1187,0.35214285714285715
1187,0,0,4098273,41386,0,7312,0,0,0,0,0,preparing to relax at 1189,0.35214285714285715
1188,0,0,4098273,41386,0,7312,0,0,0,0,0,preparing to relax at 1189,0.35214285714285715
1189,0,0,4098273,41386,0,7312,0,0,0,0,0,preparing to relax at 1191,0.35214285714285715
1190,0,0,4098273,41386,0,7312,0,0,0,0,0,preparing to relax at 1191,0.35214285714285715
1191,0,0,4098273,41386,0,7312,0,0,0,0,0,preparing to relax at 1193,0.35214285714285715
1192,0,0,4098273,41386,0,7312,0,0,0,0,0,preparing to relax at 1193,0.35214285714285715
1193,0,0,4098273,41386,0,7312,0,0,0,0,0,preparing to relax at 1195,0.35214285714285715
1194,0,0,4098273,41386,0,7312,0,0,0,0,0,preparing to relax at 1195,0.35214285714285715
1195,0,0,4098273,41386,0,7312,0,0,0,0,0,preparing to relax at 1197,0.35214285714285715
1196,0,0,4098273,41386,0,7312,0,0,0,0,0,preparing to relax at 1197,0.35214285714285715
1197,0,0,4098273,41386,0,7312,0,0,0,0,0,preparing to relax at 1199,0.35214285714285715
1198,0,0,4098273,41386,0,7312,0,0,0,0,0,preparing to relax at 1199,0.35214285714285715
1199,0,0,4098273,41386,0,7312,0,0,0,0,0,preparing to relax at 1201,0.35214285714285715
1200,0,0,4098273,41386,0,7312,0,0,0,0,0,preparing to relax at 1201,0.35214285714285715
1201,0,0,4098273,41386,0,7312,0,0,0,0,0,preparing to relax at 1203,0.35214285714285715
1202,0,0,4098273,41386,0,7312,0,0,0,0,0,preparing to relax at 1203,0.35214285714285715
1203,0,0,4098273,41386,0,7312,0,0,0,0,0,preparing to relax at 1205,0.35214285714285715
1204,0,0,4098273,41386,0,7312,0,0,0,0,0,preparing to relax at 1205,0.35214285714285715
1205,0,0,4098273,41386,0,7312,0,0,0,0,0,preparing to relax at 1207,0.35214285714285715
1206,0,0,4098273,41386,0,7312,0,0,0,0,0,preparing to relax at 1207,0.35214285714285715
1207,0,0,4098273,41386,0,7312,0,0,0,0,0,preparing to relax at 1209,0.35214285714285715
1208,0,0,4098273,41386,0,7312,0,0,0,0,0,preparing to relax at 1209,0.35214285714285715
1209,0,0,4098273,41386,0,7312,0,0,0,0,0,preparing to relax at 1211,0.35214285714285715
1210,0,0,4098273,41386,0,7312,0,0,0,0,0,preparing to relax at 1211,0.35214285714285715
1211,0,0,4098273,41386,0,7312,0,0,0,0,0,preparing to relax at 1213,0.35214285714285715
1212,0,0,4098273,41386,0,7312,0,0,0,0,0,preparing to relax at 1213,0.35214285714285715
1213,0,0,4098273,41386,0,7312,0,0,0,0,0,preparing to relax at 1215,0.35214285714285715
1214,0,0,4098273,41386,0,7312,0,0,0,0,0,preparing to relax at 1215,0.35214285714285715
1215,0,0,4098273,41386,0,7312,0,0,0,0,0,preparing to relax at 1217,0.35214285714285715
1216,0,0,4098273,41386,0,7312,0,0,0,0,0,preparing to relax at 1217,0.35214285714285715
1217,0,0,4098273,41386,0,7312,0,0,0,0,0,preparing to relax at 1219,0.35214285714285715
1218,0,0,4098273,41386,0,7312,0,0,0,0,0,preparing to relax at 1219,0.35214285714285715
1219,0,0,4098273,41386,0,7312,0,0,0,0,0,preparing to relax at 1221,0.35214285714285715
1220,0,0,4098273,41386,0,7312,0,0,0,0,0,preparing to relax at 1221,0.35214285714285715
1221,0,0,4098273,41386,0,7312,0,0,0,0,0,preparing to relax at 1223,0.35214285714285715
1222,0,0,4098273,41386,0,7312,0,0,0,0,0,preparing to relax at 1223,0.35214285714285715
1223,0,0,4098273,41386,0,7312,0,0,0,0,0,preparing to relax at 1225,0.35214285714285715
1224,0,0,4098273,41386,0,7312,0,0,0,0,0,preparing to relax at 1225,0.35214285714285715
1225,0,0,4098273,41386,0,7312,0,0,0,0,0,preparing to relax at 1227,0.35214285714285715
1226,0,0,4098273,41386,0,7312,0,0,0,0,0,preparing to relax at 1227,0.35214285714285715
1227,0,0,4098273,41386,0,7312,0,0,0,0,0,preparing to relax at 1229,0.35214285714285715
1228,0,0,4098273,41386,0,7312,0,0,0,0,0,preparing to relax at 1229,0.35214285714285715
1229,0,0,4098273,41386,0,7312,0,0,0,0,0,preparing to relax at 1231,0.35214285714285715
1230,0,0,4098273,41386,0,7312,0,0,0,0,0,preparing to relax at 1231,0.35214285714285715
1231,0,0,4098273,41386,0,7312,0,0,0,0,0,preparing to relax at 1233,0.35214285714285715
1232,0,0,4098273,41386,0,7312,0,0,0,0,0,preparing to relax at 1233,0.35214285714285715
1233,0,0,4098273,41386,0,7312,0,0,0,0,0,preparing to relax at 1235,0.35214285714285715
1234,0,0,4098273,41386,0,7312,0,0,0,0,0,preparing to relax at 1235,0.35214285714285715
1235,0,0,4098273,41386,0,7312,0,0,0,0,0,preparing to relax at 1237,0.35214285714285715
1236,0,0,4098273,41386,0,7312,0,0,0,0,0,preparing to relax at 1237,0.35214285714285715
1237,0,0,4098273,41386,0,7312,0,0,0,0,0,preparing to relax at 1239,0.35214285714285715
1238,0,0,4098273,41386,0,7312,0,0,0,0,0,preparing to relax at 1239,0.35214285714285715
1239,0,0,4098273,41386,0,7312,0,0,0,0,0,preparing to relax at 1241,0.35214285714285715
1240,0,0,4098273,41386,0,7312,0,0,0,0,0,preparing to relax at 1241,0.35214285714285715
1241,0,0,4098273,41386,0,7312,0,0,0,0,0,preparing to relax at 1243,0.35214285714285715
1242,0,0,4098273,41386,0,7312,0,0,0,0,0,preparing to relax at 1243,0.35214285714285715
1243,0,0,4098273,41386,0,7312,0,0,0,0,0,preparing to relax at 1245,0.35214285714285715
1244,0,0,4098273,41386,0,7312,0,0,0,0,0,preparing to relax at 1245,0.35214285714285715
1245,0,0,4098273,41386,0,7312,0,0,0,0,0,preparing to relax at 1247,0.35214285714285715
1246,0,0,4098273,41386,0,7312,0,0,0,0,0,preparing to relax at 1247,0.35214285714285715
1247,0,0,4098273,41386,0,7312,0,0,0,0,0,preparing to relax at 1249,0.35214285714285715
1248,0,0,4098273,41386,0,7312,0,0,0,0,0,preparing to relax at 1249,0.35214285714285715
1249,0,0,4098273,41386,0,7312,0,0,0,0,0,preparing to relax at 1251,0.35214285714285715
1250,0,0,4098273,41386,0,7312,0,0,0,0,0,preparing to relax at 1251,0.35214285714285715
1251,0,0,4098273,41386,0,7312,0,0,0,0,0,preparing to relax at 1253,0.35214285714285715
1252,0,0,4098273,41386,0,7312,0,0,0,0,0,preparing to relax at 1253,0.35214285714285715
1253,0,0,4098273,41386,0,7312,0,0,0,0,0,preparing to relax at 1255,0.35214285714285715
1254,0,0,4098273,41386,0,7312,0,0,0,0,0,preparing to relax at 1255,0.35214285714285715
1255,0,0,4098273,41386,0,7312,0,0,0,0,0,preparing to relax at 1257,0.35214285714285715
1256,0,0,4098273,41386,0,7312,0,0,0,0,0,preparing to relax at 1257,0.35214285714285715
1257,0,0,4098273,41386,0,7312,0,0,0,0,0,preparing to relax at 1259,0.35214285714285715
1258,0,0,4098273,41386,0,7312,0,0,0,0,0,preparing to relax at 1259,0.35214285714285715
1259,0,0,4098273,41386,0,7312,0,0,0,0,0,preparing to relax at 1261,0.35214285714285715
1260,0,0,4098273,41386,0,7312,0,0,0,0,0,preparing to relax at 1261,0.35214285714285715
1261,0,0,4098273,41386,0,7312,0,0,0,0,0,preparing to relax at 1263,0.35214285714285715
1262,0,0,4098273,41386,0,7312,0,0,0,0,0,preparing to relax at 1263,0.35214285714285715
1263,0,0,4098273,41386,0,7312,0,0,0,0,0,preparing to relax at 1265,0.35214285714285715
1264,0,0,4098273,41386,0,7312,0,0,0,0,0,preparing to relax at 1265,0.35214285714285715
1265,0,0,4098273,41386,0,7312,0,0,0,0,0,preparing to relax at 1267,0.35214285714285715
1266,0,0,4098273,41386,0,7312,0,0,0,0,0,preparing to relax at 1267,0.35214285714285715
1267,0,0,4098273,41386,0,7312,0,0,0,0,0,preparing to relax at 1269,0.35214285714285715
1268,0,0,4098273,41386,0,7312,0,0,0,0,0,preparing to relax at 1269,0.35214285714285715
1269,0,0,4098273,41386,0,7312,0,0,0,0,0,preparing to relax at 1271,0.35214285714285715
1270,0,0,4098273,41386,0,7312,0,0,0,0,0,preparing to relax at 1271,0.35214285714285715
1271,0,0,4098273,41386,0,7312,0,0,0,0,0,preparing to relax at 1273,0.35214285714285715
1272,0,0,4098273,41386,0,7312,0,0,0,0,0,preparing to relax at 1273,0.35214285714285715
1273,0,0,4098273,41386,0,7312,0,0,0,0,0,preparing to relax at 1275,0.35214285714285715
1274,0,0,4098273,41386,0,7312,0,0,0,0,0,preparing to relax at 1275,0.35214285714285715
1275,0,0,4098273,41386,0,7312,0,0,0,0,0,preparing to relax at 1277,0.35214285714285715
1276,0,0,4098273,41386,0,7312,0,0,0,0,0,preparing to relax at 1277,0.35214285714285715
1277,0,0,4098273,41386,0,7312,0,0,0,0,0,preparing to relax at 1279,0.35214285714285715
1278,0,0,4098273,41386,0,7312,0,0,0,0,0,preparing to relax at 1279,0.35214285714285715
1279,0,0,4098273,41386,0,7312,0,0,0,0,0,preparing to relax at 1281,0.35214285714285715
1280,0,0,4098273,41386,0,7312,0,0,0,0,0,preparing to relax at 1281,0.35214285714285715
1281,0,0,4098273,41386,0,7312,0,0,0,0,0,preparing to relax at 1283,0.35214285714285715
1282,0,0,4098273,41386,0,7312,0,0,0,0,0,preparing to relax at 1283,0.35214285714285715
1283,0,0,4098273,41386,0,7312,0,0,0,0,0,preparing to relax at 1285,0.35214285714285715
1284,0,0,4098273,41386,0,7312,0,0,0,0,0,preparing to relax at 1285,0.35214285714285715
1285,0,0,4098273,41386,0,7312,0,0,0,0,0,preparing to relax at 1287,0.35214285714285715
1286,0,0,4098273,41386,0,7312,0,0,0,0,0,preparing to relax at 1287,0.35214285714285715
1287,0,0,4098273,41386,0,7312,0,0,0,0,0,preparing to relax at 1289,0.35214285714285715
1288,0,0,4098273,41386,0,7312,0,0,0,0,0,preparing to relax at 1289,0.35214285714285715
1289,0,0,4098273,41386,0,7312,0,0,0,0,0,preparing to relax at 1291,0.35214285714285715
1290,0,0,4098273,41386,0,7312,0,0,0,0,0,preparing to relax at 1291,0.35214285714285715
1291,0,0,4098273,41386,0,7312,0,0,0,0,0,preparing to relax at 1293,0.35214285714285715
1292,0,0,4098273,41386,0,7312,0,0,0,0,0,preparing to relax at 1293,0.35214285714285715
1293,0,0,4098273,41386,0,7312,0,0,0,0,0,preparing to relax at 1295,0.35214285714285715
1294,0,0,4098273,41386,0,7312,0,0,0,0,0,preparing to relax at 1295,0.35214285714285715
1295,0,0,4098273,41386,0,7312,0,0,0,0,0,preparing to relax at 1297,0.35214285714285715
1296,0,0,4098273,41386,0,7312,0,0,0,0,0,preparing to relax at 1297,0.35214285714285715
1297,0,0,4098273,41386,0,7312,0,0,0,0,0,preparing to relax at 1299,0.35214285714285715
1298,0,0,4098273,41386,0,7312,0,0,0,0,0,preparing to relax at 1299,0.35214285714285715
1299,0,0,4098273,41386,0,7312,0,0,0,0,0,preparing to relax at 1301,0.35214285714285715
1300,0,0,4098273,41386,0,7312,0,0,0,0,0,preparing to relax at 1301,0.35214285714285715
1301,0,0,4098273,41386,0,7312,0,0,0,0,0,preparing to relax at 1303,0.35214285714285715
1302,0,0,4098273,41386,0,7312,0,0,0,0,0,preparing to relax at 1303,0.35214285714285715
1303,0,0,4098273,41386,0,7312,0,0,0,0,0,preparing to relax at 1305,0.35214285714285715
1304,0,0,4098273,41386,0,7312,0,0,0,0,0,preparing to relax at 1305,0.35214285714285715
1305,0,0,4098273,41386,0,7312,0,0,0,0,0,preparing to relax at 1307,0.35214285714285715
1306,0,0,4098273,41386,0,7312,0,0,0,0,0,preparing to relax at 1307,0.35214285714285715
1307,0,0,4098273,41386,0,7312,0,0,0,0,0,preparing to relax at 1309,0.35214285714285715
1308,0,0,4098273,41386,0,7312,0,0,0,0,0,preparing to relax at 1309,0.35214285714285715
1309,0,0,4098273,41386,0,7312,0,0,0,0,0,preparing to relax at 1311,0.35214285714285715
1310,0,0,4098273,41386,0,7312,0,0,0,0,0,preparing to relax at 1311,0.35214285714285715
1311,0,0,4098273,41386,0,7312,0,0,0,0,0,preparing to relax at 1313,0.35214285714285715
1312,0,0,4098273,41386,0,7312,0,0,0,0,0,preparing to relax at 1313,0.35214285714285715
1313,0,0,4098273,41386,0,7312,0,0,0,0,0,preparing to relax at 1315,0.35214285714285715
1314,0,0,4098273,41386,0,7312,0,0,0,0,0,preparing to relax at 1315,0.35214285714285715
1315,0,0,4098273,41386,0,7312,0,0,0,0,0,preparing to relax at 1317,0.35214285714285715
1316,0,0,4098273,41386,0,7312,0,0,0,0,0,preparing to relax at 1317,0.35214285714285715
1317,0,0,4098273,41386,0,7312,0,0,0,0,0,preparing to relax at 1319,0.35214285714285715
1318,0,0,4098273,41386,0,7312,0,0,0,0,0,preparing to relax at 1319,0.35214285714285715
1319,0,0,4098273,41386,0,7312,0,0,0,0,0,preparing to relax at 1321,0.35214285714285715
1320,0,0,4098273,41386,0,7312,0,0,0,0,0,preparing to relax at 1321,0.35214285714285715
1321,0,0,4098273,41386,0,7312,0,0,0,0,0,preparing to relax at 1323,0.35214285714285715
1322,0,0,4098273,41386,0,7312,0,0,0,0,0,preparing to relax at 1323,0.35214285714285715
1323,0,0,4098273,41386,0,7312,0,0,0,0,0,preparing to relax at 1325,0.35214285714285715
1324,0,0,4098273,41386,0,7312,0,0,0,0,0,preparing to relax at 1325,0.35214285714285715
1325,0,0,4098273,41386,0,7312,0,0,0,0,0,preparing to relax at 1327,0.35214285714285715
1326,0,0,4098273,41386,0,7312,0,0,0,0,0,preparing to relax at 1327,0.35214285714285715
1327,0,0,4098273,41386,0,7312,0,0,0,0,0,preparing to relax at 1329,0.35214285714285715
1328,0,0,4098273,41386,0,7312,0,0,0,0,0,preparing to relax at 1329,0.35214285714285715
1329,0,0,4098273,41386,0,7312,0,0,0,0,0,preparing to relax at 1331,0.35214285714285715
1330,0,0,4098273,41386,0,7312,0,0,0,0,0,preparing to relax at 1331,0.35214285714285715
1331,0,0,4098273,41386,0,7312,0,0,0,0,0,preparing to relax at 1333,0.35214285714285715
1332,0,0,4098273,41386,0,7312,0,0,0,0,0,preparing to relax at 1333,0.35214285714285715
1333,0,0,4098273,41386,0,7312,0,0,0,0,0,preparing to relax at 1335,0.35214285714285715
1334,0,0,4098273,41386,0,7312,0,0,0,0,0,preparing to relax at 1335,0.35214285714285715
1335,0,0,4098273,41386,0,7312,0,0,0,0,0,preparing to relax at 1337,0.35214285714285715
1336,0,0,4098273,41386,0,7312,0,0,0,0,0,preparing to relax at 1337,0.35214285714285715
1337,0,0,4098273,41386,0,7312,0,0,0,0,0,preparing to relax at 1339,0.35214285714285715
1338,0,0,4098273,41386,0,7312,0,0,0,0,0,preparing to relax at 1339,0.35214285714285715
1339,0,0,4098273,41386,0,7312,0,0,0,0,0,preparing to relax at 1341,0.35214285714285715
1340,0,0,4098273,41386,0,7312,0,0,0,0,0,preparing to relax at 1341,0.35214285714285715
1341,0,0,4098273,41386,0,7312,0,0,0,0,0,preparing to relax at 1343,0.35214285714285715
1342,0,0,4098273,41386,0,7312,0,0,0,0,0,preparing to relax at 1343,0.35214285714285715
1343,0,0,4098273,41386,0,7312,0,0,0,0,0,preparing to relax at 1345,0.35214285714285715
1344,0,0,4098273,41386,0,7312,0,0,0,0,0,preparing to relax at 1345,0.35214285714285715
1345,0,0,4098273,41386,0,7312,0,0,0,0,0,preparing to relax at 1347,0.35214285714285715
1346,0,0,4098273,41386,0,7312,0,0,0,0,0,preparing to relax at 1347,0.35214285714285715
1347,0,0,4098273,41386,0,7312,0,0,0,0,0,preparing to relax at 1349,0.35214285714285715
1348,0,0,4098273,41386,0,7312,0,0,0,0,0,preparing to relax at 1349,0.35214285714285715
1349,0,0,4098273,41386,0,7312,0,0,0,0,0,preparing to relax at 1351,0.35214285714285715
1350,0,0,4098273,41386,0,7312,0,0,0,0,0,preparing to relax at 1351,0.35214285714285715
1351,0,0,4098273,41386,0,7312,0,0,0,0,0,preparing to relax at 1353,0.35214285714285715
1352,0,0,4098273,41386,0,7312,0,0,0,0,0,preparing to relax at 1353,0.35214285714285715
1353,0,0,4098273,41386,0,7312,0,0,0,0,0,preparing to relax at 1355,0.35214285714285715
1354,0,0,4098273,41386,0,7312,0,0,0,0,0,preparing to relax at 1355,0.35214285714285715
1355,0,0,4098273,41386,0,7312,0,0,0,0,0,preparing to relax at 1357,0.35214285714285715
1356,0,0,4098273,41386,0,7312,0,0,0,0,0,preparing to relax at 1357,0.35214285714285715
1357,0,0,4098273,41386,0,7312,0,0,0,0,0,preparing to relax at 1359,0.35214285714285715
1358,0,0,4098273,41386,0,7312,0,0,0,0,0,preparing to relax at 1359,0.35214285714285715
1359,0,0,4098273,41386,0,7312,0,0,0,0,0,preparing to relax at 1361,0.35214285714285715
1360,0,0,4098273,41386,0,7312,0,0,0,0,0,preparing to relax at 1361,0.35214285714285715
1361,0,0,4098273,41386,0,7312,0,0,0,0,0,preparing to relax at 1363,0.35214285714285715
1362,0,0,4098273,41386,0,7312,0,0,0,0,0,preparing to relax at 1363,0.35214285714285715
1363,0,0,4098273,41386,0,7312,0,0,0,0,0,preparing to relax at 1365,0.35214285714285715
1364,0,0,4098273,41386,0,7312,0,0,0,0,0,preparing to relax at 1365,0.35214285714285715
1365,0,0,4098273,41386,0,7312,0,0,0,0,0,preparing to relax at 1367,0.35214285714285715
1366,0,0,4098273,41386,0,7312,0,0,0,0,0,preparing to relax at 1367,0.35214285714285715
1367,0,0,4098273,41386,0,7312,0,0,0,0,0,preparing to relax at 1369,0.35214285714285715
1368,0,0,4098273,41386,0,7312,0,0,0,0,0,preparing to relax at 1369,0.35214285714285715
1369,0,0,4098273,41386,0,7312,0,0,0,0,0,preparing to relax at 1371,0.35214285714285715
1370,0,0,4098273,41386,0,7312,0,0,0,0,0,preparing to relax at 1371,0.35214285714285715
1371,0,0,4098273,41386,0,7312,0,0,0,0,0,preparing to relax at 1373,0.35214285714285715
1372,0,0,4098273,41386,0,7312,0,0,0,0,0,preparing to relax at 1373,0.35214285714285715
1373,0,0,4098273,41386,0,7312,0,0,0,0,0,preparing to relax at 1375,0.35214285714285715
1374,0,0,4098273,41386,0,7312,0,0,0,0,0,preparing to relax at 1375,0.35214285714285715
1375,0,0,4098273,41386,0,7312,0,0,0,0,0,preparing to relax at 1377,0.35214285714285715
1376,0,0,4098273,41386,0,7312,0,0,0,0,0,preparing to relax at 1377,0.35214285714285715
1377,0,0,4098273,41386,0,7312,0,0,0,0,0,preparing to relax at 1379,0.35214285714285715
1378,0,0,4098273,41386,0,7312,0,0,0,0,0,preparing to relax at 1379,0.35214285714285715
1379,0,0,4098273,41386,0,7312,0,0,0,0,0,preparing to relax at 1381,0.35214285714285715
1380,0,0,4098273,41386,0,7312,0,0,0,0,0,preparing to relax at 1381,0.35214285714285715
1381,0,0,4098273,41386,0,7312,0,0,0,0,0,preparing to relax at 1383,0.35214285714285715
1382,0,0,4098273,41386,0,7312,0,0,0,0,0,preparing to relax at 1383,0.35214285714285715
1383,0,0,4098273,41386,0,7312,0,0,0,0,0,preparing to relax at 1385,0.35214285714285715
1384,0,0,4098273,41386,0,7312,0,0,0,0,0,preparing to relax at 1385,0.35214285714285715
1385,0,0,4098273,41386,0,7312,0,0,0,0,0,preparing to relax at 1387,0.35214285714285715
1386,0,0,4098273,41386,0,7312,0,0,0,0,0,preparing to relax at 1387,0.35214285714285715
1387,0,0,4098273,41386,0,7312,0,0,0,0,0,preparing to relax at 1389,0.35214285714285715
1388,0,0,4098273,41386,0,7312,0,0,0,0,0,preparing to relax at 1389,0.35214285714285715
1389,0,0,4098273,41386,0,7312,0,0,0,0,0,preparing to relax at 1391,0.35214285714285715
1390,0,0,4098273,41386,0,7312,0,0,0,0,0,preparing to relax at 1391,0.35214285714285715
1391,0,0,4098273,41386,0,7312,0,0,0,0,0,preparing to relax at 1393,0.35214285714285715
1392,0,0,4098273,41386,0,7312,0,0,0,0,0,preparing to relax at 1393,0.35214285714285715
1393,0,0,4098273,41386,0,7312,0,0,0,0,0,preparing to relax at 1395,0.35214285714285715
1394,0,0,4098273,41386,0,7312,0,0,0,0,0,preparing to relax at 1395,0.35214285714285715
1395,0,0,4098273,41386,0,7312,0,0,0,0,0,preparing to relax at 1397,0.35214285714285715
1396,0,0,4098273,41386,0,7312,0,0,0,0,0,preparing to relax at 1397,0.35214285714285715
1397,0,0,4098273,41386,0,7312,0,0,0,0,0,preparing to relax at 1399,0.35214285714285715
1398,0,0,4098273,41386,0,7312,0,0,0,0,0,preparing to relax at 1399,0.35214285714285715
1399,0,0,4098273,41386,0,7312,0,0,0,0,0,preparing to relax at 1401,0.35214285714285715
1400,0,0,4098273,41386,0,7312,0,0,0,0,0,preparing to relax at 1401,0.35214285714285715
1401,0,0,4098273,41386,0,7312,0,0,0,0,0,preparing to relax at 1403,0.35214285714285715
1402,0,0,4098273,41386,0,7312,0,0,0,0,0,preparing to relax at 1403,0.35214285714285715
1403,0,0,4098273,41386,0,7312,0,0,0,0,0,preparing to relax at 1405,0.35214285714285715
1404,0,0,4098273,41386,0,7312,0,0,0,0,0,preparing to relax at 1405,0.35214285714285715
1405,0,0,4098273,41386,0,7312,0,0,0,0,0,preparing to relax at 1407,0.35214285714285715
1406,0,0,4098273,41386,0,7312,0,0,0,0,0,preparing to relax at 1407,0.35214285714285715
1407,0,0,4098273,41386,0,7312,0,0,0,0,0,preparing to relax at 1409,0.35214285714285715
1408,0,0,4098273,41386,0,7312,0,0,0,0,0,preparing to relax at 1409,0.35214285714285715
1409,0,0,4098273,41386,0,7312,0,0,0,0,0,preparing to relax at 1411,0.35214285714285715
1410,0,0,4098273,41386,0,7312,0,0,0,0,0,preparing to relax at 1411,0.35214285714285715
1411,0,0,4098273,41386,0,7312,0,0,0,0,0,preparing to relax at 1413,0.35214285714285715
1412,0,0,4098273,41386,0,7312,0,0,0,0,0,preparing to relax at 1413,0.35214285714285715
1413,0,0,4098273,41386,0,7312,0,0,0,0,0,preparing to relax at 1415,0.35214285714285715
1414,0,0,4098273,41386,0,7312,0,0,0,0,0,preparing to relax at 1415,0.35214285714285715
1415,0,0,4098273,41386,0,7312,0,0,0,0,0,preparing to relax at 1417,0.35214285714285715
1416,0,0,4098273,41386,0,7312,0,0,0,0,0,preparing to relax at 1417,0.35214285714285715
1417,0,0,4098273,41386,0,7312,0,0,0,0,0,preparing to relax at 1419,0.35214285714285715
1418,0,0,4098273,41386,0,7312,0,0,0,0,0,preparing to relax at 1419,0.35214285714285715
1419,0,0,4098273,41386,0,7312,0,0,0,0,0,preparing to relax at 1421,0.35214285714285715
1420,0,0,4098273,41386,0,7312,0,0,0,0,0,preparing to relax at 1421,0.35214285714285715
1421,0,0,4098273,41386,0,7312,0,0,0,0,0,preparing to relax at 1423,0.35214285714285715
1422,0,0,4098273,41386,0,7312,0,0,0,0,0,preparing to relax at 1423,0.35214285714285715
1423,0,0,4098273,41386,0,7312,0,0,0,0,0,preparing to relax at 1425,0.35214285714285715
1424,0,0,4098273,41386,0,7312,0,0,0,0,0,preparing to relax at 1425,0.35214285714285715
1425,0,0,4098273,41386,0,7312,0,0,0,0,0,preparing to relax at 1427,0.35214285714285715
1426,0,0,4098273,41386,0,7312,0,0,0,0,0,preparing to relax at 1427,0.35214285714285715
1427,0,0,4098273,41386,0,7312,0,0,0,0,0,preparing to relax at 1429,0.35214285714285715
1428,0,0,4098273,41386,0,7312,0,0,0,0,0,preparing to relax at 1429,0.35214285714285715
1429,0,0,4098273,41386,0,7312,0,0,0,0,0,preparing to relax at 1431,0.35214285714285715
1430,0,0,4098273,41386,0,7312,0,0,0,0,0,preparing to relax at 1431,0.35214285714285715
1431,0,0,4098273,41386,0,7312,0,0,0,0,0,preparing to relax at 1433,0.35214285714285715
1432,0,0,4098273,41386,0,7312,0,0,0,0,0,preparing to relax at 1433,0.35214285714285715
1433,0,0,4098273,41386,0,7312,0,0,0,0,0,preparing to relax at 1435,0.35214285714285715
1434,0,0,4098273,41386,0,7312,0,0,0,0,0,preparing to relax at 1435,0.35214285714285715
1435,0,0,4098273,41386,0,7312,0,0,0,0,0,preparing to relax at 1437,0.35214285714285715
1436,0,0,4098273,41386,0,7312,0,0,0,0,0,preparing to relax at 1437,0.35214285714285715
1437,0,0,4098273,41386,0,7312,0,0,0,0,0,preparing to relax at 1439,0.35214285714285715
1438,0,0,4098273,41386,0,7312,0,0,0,0,0,preparing to relax at 1439,0.35214285714285715
1439,0,0,4098273,41386,0,7312,0,0,0,0,0,preparing to relax at 1441,0.35214285714285715
1440,0,0,4098273,41386,0,7312,0,0,0,0,0,preparing to relax at 1441,0.35214285714285715
1441,0,0,4098273,41386,0,7312,0,0,0,0,0,preparing to relax at 1443,0.35214285714285715
1442,0,0,4098273,41386,0,7312,0,0,0,0,0,preparing to relax at 1443,0.35214285714285715
1443,0,0,4098273,41386,0,7312,0,0,0,0,0,preparing to relax at 1445,0.35214285714285715
1444,0,0,4098273,41386,0,7312,0,0,0,0,0,preparing to relax at 1445,0.35214285714285715
1445,0,0,4098273,41386,0,7312,0,0,0,0,0,preparing to relax at 1447,0.35214285714285715
1446,0,0,4098273,41386,0,7312,0,0,0,0,0,preparing to relax at 1447,0.35214285714285715
1447,0,0,4098273,41386,0,7312,0,0,0,0,0,preparing to relax at 1449,0.35214285714285715
1448,0,0,4098273,41386,0,7312,0,0,0,0,0,preparing to relax at 1449,0.35214285714285715
1449,0,0,4098273,41386,0,7312,0,0,0,0,0,preparing to relax at 1451,0.35214285714285715
1450,0,0,4098273,41386,0,7312,0,0,0,0,0,preparing to relax at 1451,0.35214285714285715
1451,0,0,4098273,41386,0,7312,0,0,0,0,0,preparing to relax at 1453,0.35214285714285715
1452,0,0,4098273,41386,0,7312,0,0,0,0,0,preparing to relax at 1453,0.35214285714285715
1453,0,0,4098273,41386,0,7312,0,0,0,0,0,preparing to relax at 1455,0.35214285714285715
1454,0,0,4098273,41386,0,7312,0,0,0,0,0,preparing to relax at 1455,0.35214285714285715
1455,0,0,4098273,41386,0,7312,0,0,0,0,0,preparing to relax at 1457,0.35214285714285715
1456,0,0,4098273,41386,0,7312,0,0,0,0,0,preparing to relax at 1457,0.35214285714285715
1457,0,0,4098273,41386,0,7312,0,0,0,0,0,preparing to relax at 1459,0.35214285714285715
1458,0,0,4098273,41386,0,7312,0,0,0,0,0,preparing to relax at 1459,0.35214285714285715
1459,0,0,4098273,41386,0,7312,0,0,0,0,0,preparing to relax at 1461,0.35214285714285715
1460,0,0,4098273,41386,0,7312,0,0,0,0,0,preparing to relax at 1461,0.35214285714285715
1461,0,0,4098273,41386,0,7312,0,0,0,0,0,preparing to relax at 1463,0.35214285714285715
1462,0,0,4098273,41386,0,7312,0,0,0,0,0,preparing to relax at 1463,0.35214285714285715
1463,0,0,4098273,41386,0,7312,0,0,0,0,0,preparing to relax at 1465,0.35214285714285715
1464,0,0,4098273,41386,0,7312,0,0,0,0,0,preparing to relax at 1465,0.35214285714285715
1465,0,0,4098273,41386,0,7312,0,0,0,0,0,preparing to relax at 1467,0.35214285714285715
1466,0,0,4098273,41386,0,7312,0,0,0,0,0,preparing to relax at 1467,0.35214285714285715
1467,0,0,4098273,41386,0,7312,0,0,0,0,0,preparing to relax at 1469,0.35214285714285715
1468,0,0,4098273,41386,0,7312,0,0,0,0,0,preparing to relax at 1469,0.35214285714285715
1469,0,0,4098273,41386,0,7312,0,0,0,0,0,preparing to relax at 1471,0.35214285714285715
1470,0,0,4098273,41386,0,7312,0,0,0,0,0,preparing to relax at 1471,0.35214285714285715
1471,0,0,4098273,41386,0,7312,0,0,0,0,0,preparing to relax at 1473,0.35214285714285715
1472,0,0,4098273,41386,0,7312,0,0,0,0,0,preparing to relax at 1473,0.35214285714285715
1473,0,0,4098273,41386,0,7312,0,0,0,0,0,preparing to relax at 1475,0.35214285714285715
1474,0,0,4098273,41386,0,7312,0,0,0,0,0,preparing to relax at 1475,0.35214285714285715
1475,0,0,4098273,41386,0,7312,0,0,0,0,0,preparing to relax at 1477,0.35214285714285715
1476,0,0,4098273,41386,0,7312,0,0,0,0,0,preparing to relax at 1477,0.35214285714285715
1477,0,0,4098273,41386,0,7312,0,0,0,0,0,preparing to relax at 1479,0.35214285714285715
1478,0,0,4098273,41386,0,7312,0,0,0,0,0,preparing to relax at 1479,0.35214285714285715
1479,0,0,4098273,41386,0,7312,0,0,0,0,0,preparing to relax at 1481,0.35214285714285715
1480,0,0,4098273,41386,0,7312,0,0,0,0,0,preparing to relax at 1481,0.35214285714285715
1481,0,0,4098273,41386,0,7312,0,0,0,0,0,preparing to relax at 1483,0.35214285714285715
1482,0,0,4098273,41386,0,7312,0,0,0,0,0,preparing to relax at 1483,0.35214285714285715
1483,0,0,4098273,41386,0,7312,0,0,0,0,0,preparing to relax at 1485,0.35214285714285715
1484,0,0,4098273,41386,0,7312,0,0,0,0,0,preparing to relax at 1485,0.35214285714285715
1485,0,0,4098273,41386,0,7312,0,0,0,0,0,preparing to relax at 1487,0.35214285714285715
1486,0,0,4098273,41386,0,7312,0,0,0,0,0,preparing to relax at 1487,0.35214285714285715
1487,0,0,4098273,41386,0,7312,0,0,0,0,0,preparing to relax at 1489,0.35214285714285715
1488,0,0,4098273,41386,0,7312,0,0,0,0,0,preparing to relax at 1489,0.35214285714285715
1489,0,0,4098273,41386,0,7312,0,0,0,0,0,preparing to relax at 1491,0.35214285714285715
1490,0,0,4098273,41386,0,7312,0,0,0,0,0,preparing to relax at 1491,0.35214285714285715
1491,0,0,4098273,41386,0,7312,0,0,0,0,0,preparing to relax at 1493,0.35214285714285715
1492,0,0,4098273,41386,0,7312,0,0,0,0,0,preparing to relax at 1493,0.35214285714285715
1493,0,0,4098273,41386,0,7312,0,0,0,0,0,preparing to relax at 1495,0.35214285714285715
1494,0,0,4098273,41386,0,7312,0,0,0,0,0,preparing to relax at 1495,0.35214285714285715
1495,0,0,4098273,41386,0,7312,0,0,0,0,0,preparing to relax at 1497,0.35214285714285715
1496,0,0,4098273,41386,0,7312,0,0,0,0,0,preparing to relax at 1497,0.35214285714285715
1497,0,0,4098273,41386,0,7312,0,0,0,0,0,preparing to relax at 1499,0.35214285714285715
1498,0,0,4098273,41386,0,7312,0,0,0,0,0,preparing to relax at 1499,0.35214285714285715
1499,0,0,4098273,41386,0,7312,0,0,0,0,0,preparing to relax at 1501,0.35214285714285715
1500,0,0,4098273,41386,0,7312,0,0,0,0,0,preparing to relax at 1501,0.35214285714285715
1501,0,0,4098273,41386,0,7312,0,0,0,0,0,preparing to relax at 1503,0.35214285714285715
1502,0,0,4098273,41386,0,7312,0,0,0,0,0,preparing to relax at 1503,0.35214285714285715
1503,0,0,4098273,41386,0,7312,0,0,0,0,0,preparing to relax at 1505,0.35214285714285715
1504,0,0,4098273,41386,0,7312,0,0,0,0,0,preparing to relax at 1505,0.35214285714285715
1505,0,0,4098273,41386,0,7312,0,0,0,0,0,preparing to relax at 1507,0.35214285714285715
1506,0,0,4098273,41386,0,7312,0,0,0,0,0,preparing to relax at 1507,0.35214285714285715
1507,0,0,4098273,41386,0,7312,0,0,0,0,0,preparing to relax at 1509,0.35214285714285715
1508,0,0,4098273,41386,0,7312,0,0,0,0,0,preparing to relax at 1509,0.35214285714285715
1509,0,0,4098273,41386,0,7312,0,0,0,0,0,preparing to relax at 1511,0.35214285714285715
1510,0,0,4098273,41386,0,7312,0,0,0,0,0,preparing to relax at 1511,0.35214285714285715
1511,0,0,4098273,41386,0,7312,0,0,0,0,0,preparing to relax at 1513,0.35214285714285715
1512,0,0,4098273,41386,0,7312,0,0,0,0,0,preparing to relax at 1513,0.35214285714285715
1513,0,0,4098273,41386,0,7312,0,0,0,0,0,preparing to relax at 1515,0.35214285714285715
1514,0,0,4098273,41386,0,7312,0,0,0,0,0,preparing to relax at 1515,0.35214285714285715
1515,0,0,4098273,41386,0,7312,0,0,0,0,0,preparing to relax at 1517,0.35214285714285715
1516,0,0,4098273,41386,0,7312,0,0,0,0,0,preparing to relax at 1517,0.35214285714285715
1517,0,0,4098273,41386,0,7312,0,0,0,0,0,preparing to relax at 1519,0.35214285714285715
1518,0,0,4098273,41386,0,7312,0,0,0,0,0,preparing to relax at 1519,0.35214285714285715
1519,0,0,4098273,41386,0,7312,0,0,0,0,0,preparing to relax at 1521,0.35214285714285715
1520,0,0,4098273,41386,0,7312,0,0,0,0,0,preparing to relax at 1521,0.35214285714285715
1521,0,0,4098273,41386,0,7312,0,0,0,0,0,preparing to relax at 1523,0.35214285714285715
1522,0,0,4098273,41386,0,7312,0,0,0,0,0,preparing to relax at 1523,0.35214285714285715
1523,0,0,4098273,41386,0,7312,0,0,0,0,0,preparing to relax at 1525,0.35214285714285715
1524,0,0,4098273,41386,0,7312,0,0,0,0,0,preparing to relax at 1525,0.35214285714285715
1525,0,0,4098273,41386,0,7312,0,0,0,0,0,preparing to relax at 1527,0.35214285714285715
1526,0,0,4098273,41386,0,7312,0,0,0,0,0,preparing to relax at 1527,0.35214285714285715
1527,0,0,4098273,41386,0,7312,0,0,0,0,0,preparing to relax at 1529,0.35214285714285715
1528,0,0,4098273,41386,0,7312,0,0,0,0,0,preparing to relax at 1529,0.35214285714285715
1529,0,0,4098273,41386,0,7312,0,0,0,0,0,preparing to relax at 1531,0.35214285714285715
1530,0,0,4098273,41386,0,7312,0,0,0,0,0,preparing to relax at 1531,0.35214285714285715
1531,0,0,4098273,41386,0,7312,0,0,0,0,0,preparing to relax at 1533,0.35214285714285715
1532,0,0,4098273,41386,0,7312,0,0,0,0,0,preparing to relax at 1533,0.35214285714285715
1533,0,0,4098273,41386,0,7312,0,0,0,0,0,preparing to relax at 1535,0.35214285714285715
1534,0,0,4098273,41386,0,7312,0,0,0,0,0,preparing to relax at 1535,0.35214285714285715
1535,0,0,4098273,41386,0,7312,0,0,0,0,0,preparing to relax at 1537,0.35214285714285715
1536,0,0,4098273,41386,0,7312,0,0,0,0,0,preparing to relax at 1537,0.35214285714285715
1537,0,0,4098273,41386,0,7312,0,0,0,0,0,preparing to relax at 1539,0.35214285714285715
1538,0,0,4098273,41386,0,7312,0,0,0,0,0,preparing to relax at 1539,0.35214285714285715
1539,0,0,4098273,41386,0,7312,0,0,0,0,0,preparing to relax at 1541,0.35214285714285715
1540,0,0,4098273,41386,0,7312,0,0,0,0,0,preparing to relax at 1541,0.35214285714285715
1541,0,0,4098273,41386,0,7312,0,0,0,0,0,preparing to relax at 1543,0.35214285714285715
1542,0,0,4098273,41386,0,7312,0,0,0,0,0,preparing to relax at 1543,0.35214285714285715
1543,0,0,4098273,41386,0,7312,0,0,0,0,0,preparing to relax at 1545,0.35214285714285715
1544,0,0,4098273,41386,0,7312,0,0,0,0,0,preparing to relax at 1545,0.35214285714285715
1545,0,0,4098273,41386,0,7312,0,0,0,0,0,preparing to relax at 1547,0.35214285714285715
1546,0,0,4098273,41386,0,7312,0,0,0,0,0,preparing to relax at 1547,0.35214285714285715
1547,0,0,4098273,41386,0,7312,0,0,0,0,0,preparing to relax at 1549,0.35214285714285715
1548,0,0,4098273,41386,0,7312,0,0,0,0,0,preparing to relax at 1549,0.35214285714285715
1549,0,0,4098273,41386,0,7312,0,0,0,0,0,preparing to relax at 1551,0.35214285714285715
1550,0,0,4098273,41386,0,7312,0,0,0,0,0,preparing to relax at 1551,0.35214285714285715
1551,0,0,4098273,41386,0,7312,0,0,0,0,0,preparing to relax at 1553,0.35214285714285715
1552,0,0,4098273,41386,0,7312,0,0,0,0,0,preparing to relax at 1553,0.35214285714285715
1553,0,0,4098273,41386,0,7312,0,0,0,0,0,preparing to relax at 1555,0.35214285714285715
1554,0,0,4098273,41386,0,7312,0,0,0,0,0,preparing to relax at 1555,0.35214285714285715
1555,0,0,4098273,41386,0,7312,0,0,0,0,0,preparing to relax at 1557,0.35214285714285715
1556,0,0,4098273,41386,0,7312,0,0,0,0,0,preparing to relax at 1557,0.35214285714285715
1557,0,0,4098273,41386,0,7312,0,0,0,0,0,preparing to relax at 1559,0.35214285714285715
1558,0,0,4098273,41386,0,7312,0,0,0,0,0,preparing to relax at 1559,0.35214285714285715
1559,0,0,4098273,41386,0,7312,0,0,0,0,0,preparing to relax at 1561,0.35214285714285715
1560,0,0,4098273,41386,0,7312,0,0,0,0,0,preparing to relax at 1561,0.35214285714285715
1561,0,0,4098273,41386,0,7312,0,0,0,0,0,preparing to relax at 1563,0.35214285714285715
1562,0,0,4098273,41386,0,7312,0,0,0,0,0,preparing to relax at 1563,0.35214285714285715
1563,0,0,4098273,41386,0,7312,0,0,0,0,0,preparing to relax at 1565,0.35214285714285715
1564,0,0,4098273,41386,0,7312,0,0,0,0,0,preparing to relax at 1565,0.35214285714285715
1565,0,0,4098273,41386,0,7312,0,0,0,0,0,preparing to relax at 1567,0.35214285714285715
1566,0,0,4098273,41386,0,7312,0,0,0,0,0,preparing to relax at 1567,0.35214285714285715
1567,0,0,4098273,41386,0,7312,0,0,0,0,0,preparing to relax at 1569,0.35214285714285715
1568,0,0,4098273,41386,0,7312,0,0,0,0,0,preparing to relax at 1569,0.35214285714285715
1569,0,0,4098273,41386,0,7312,0,0,0,0,0,preparing to relax at 1571,0.35214285714285715
1570,0,0,4098273,41386,0,7312,0,0,0,0,0,preparing to relax at 1571,0.35214285714285715
1571,0,0,4098273,41386,0,7312,0,0,0,0,0,preparing to relax at 1573,0.35214285714285715
1572,0,0,4098273,41386,0,7312,0,0,0,0,0,preparing to relax at 1573,0.35214285714285715
1573,0,0,4098273,41386,0,7312,0,0,0,0,0,preparing to relax at 1575,0.35214285714285715
1574,0,0,4098273,41386,0,7312,0,0,0,0,0,preparing to relax at 1575,0.35214285714285715
1575,0,0,4098273,41386,0,7312,0,0,0,0,0,preparing to relax at 1577,0.35214285714285715
1576,0,0,4098273,41386,0,7312,0,0,0,0,0,preparing to relax at 1577,0.35214285714285715
1577,0,0,4098273,41386,0,7312,0,0,0,0,0,preparing to relax at 1579,0.35214285714285715
1578,0,0,4098273,41386,0,7312,0,0,0,0,0,preparing to relax at 1579,0.35214285714285715
1579,0,0,4098273,41386,0,7312,0,0,0,0,0,preparing to relax at 1581,0.35214285714285715
1580,0,0,4098273,41386,0,7312,0,0,0,0,0,preparing to relax at 1581,0.35214285714285715
1581,0,0,4098273,41386,0,7312,0,0,0,0,0,preparing to relax at 1583,0.35214285714285715
1582,0,0,4098273,41386,0,7312,0,0,0,0,0,preparing to relax at 1583,0.35214285714285715
1583,0,0,4098273,41386,0,7312,0,0,0,0,0,preparing to relax at 1585,0.35214285714285715
1584,0,0,4098273,41386,0,7312,0,0,0,0,0,preparing to relax at 1585,0.35214285714285715
1585,0,0,4098273,41386,0,7312,0,0,0,0,0,preparing to relax at 1587,0.35214285714285715
1586,0,0,4098273,41386,0,7312,0,0,0,0,0,preparing to relax at 1587,0.35214285714285715
1587,0,0,4098273,41386,0,7312,0,0,0,0,0,preparing to relax at 1589,0.35214285714285715
1588,0,0,4098273,41386,0,7312,0,0,0,0,0,preparing to relax at 1589,0.35214285714285715
1589,0,0,4098273,41386,0,7312,0,0,0,0,0,preparing to relax at 1591,0.35214285714285715
1590,0,0,4098273,41386,0,7312,0,0,0,0,0,preparing to relax at 1591,0.35214285714285715
1591,0,0,4098273,41386,0,7312,0,0,0,0,0,preparing to relax at 1593,0.35214285714285715
1592,0,0,4098273,41386,0,7312,0,0,0,0,0,preparing to relax at 1593,0.35214285714285715
1593,0,0,4098273,41386,0,7312,0,0,0,0,0,preparing to relax at 1595,0.35214285714285715
1594,0,0,4098273,41386,0,7312,0,0,0,0,0,preparing to relax at 1595,0.35214285714285715
1595,0,0,4098273,41386,0,7312,0,0,0,0,0,preparing to relax at 1597,0.35214285714285715
1596,0,0,4098273,41386,0,7312,0,0,0,0,0,preparing to relax at 1597,0.35214285714285715
1597,0,0,4098273,41386,0,7312,0,0,0,0,0,preparing to relax at 1599,0.35214285714285715
1598,0,0,4098273,41386,0,7312,0,0,0,0,0,preparing to relax at 1599,0.35214285714285715
1599,0,0,4098273,41386,0,7312,0,0,0,0,0,preparing to relax at 1601,0.35214285714285715
1600,0,0,4098273,41386,0,7312,0,0,0,0,0,preparing to relax at 1601,0.35214285714285715
1601,0,0,4098273,41386,0,7312,0,0,0,0,0,preparing to relax at 1603,0.35214285714285715
1602,0,0,4098273,41386,0,7312,0,0,0,0,0,preparing to relax at 1603,0.35214285714285715
1603,0,0,4098273,41386,0,7312,0,0,0,0,0,preparing to relax at 1605,0.35214285714285715
1604,0,0,4098273,41386,0,7312,0,0,0,0,0,preparing to relax at 1605,0.35214285714285715
1605,0,0,4098273,41386,0,7312,0,0,0,0,0,preparing to relax at 1607,0.35214285714285715
1606,0,0,4098273,41386,0,7312,0,0,0,0,0,preparing to relax at 1607,0.35214285714285715
1607,0,0,4098273,41386,0,7312,0,0,0,0,0,preparing to relax at 1609,0.35214285714285715
1608,0,0,4098273,41386,0,7312,0,0,0,0,0,preparing to relax at 1609,0.35214285714285715
1609,0,0,4098273,41386,0,7312,0,0,0,0,0,preparing to relax at 1611,0.35214285714285715
1610,0,0,4098273,41386,0,7312,0,0,0,0,0,preparing to relax at 1611,0.35214285714285715
1611,0,0,4098273,41386,0,7312,0,0,0,0,0,preparing to relax at 1613,0.35214285714285715
1612,0,0,4098273,41386,0,7312,0,0,0,0,0,preparing to relax at 1613,0.35214285714285715
1613,0,0,4098273,41386,0,7312,0,0,0,0,0,preparing to relax at 1615,0.35214285714285715
1614,0,0,4098273,41386,0,7312,0,0,0,0,0,preparing to relax at 1615,0.35214285714285715
1615,0,0,4098273,41386,0,7312,0,0,0,0,0,preparing to relax at 1617,0.35214285714285715
1616,0,0,4098273,41386,0,7312,0,0,0,0,0,preparing to relax at 1617,0.35214285714285715
1617,0,0,4098273,41386,0,7312,0,0,0,0,0,preparing to relax at 1619,0.35214285714285715
1618,0,0,4098273,41386,0,7312,0,0,0,0,0,preparing to relax at 1619,0.35214285714285715
1619,0,0,4098273,41386,0,7312,0,0,0,0,0,preparing to relax at 1621,0.35214285714285715
1620,0,0,4098273,41386,0,7312,0,0,0,0,0,preparing to relax at 1621,0.35214285714285715
1621,0,0,4098273,41386,0,7312,0,0,0,0,0,preparing to relax at 1623,0.35214285714285715
1622,0,0,4098273,41386,0,7312,0,0,0,0,0,preparing to relax at 1623,0.35214285714285715
1623,0,0,4098273,41386,0,7312,0,0,0,0,0,preparing to relax at 1625,0.35214285714285715
1624,0,0,4098273,41386,0,7312,0,0,0,0,0,preparing to relax at 1625,0.35214285714285715
1625,0,0,4098273,41386,0,7312,0,0,0,0,0,preparing to relax at 1627,0.35214285714285715
1626,0,0,4098273,41386,0,7312,0,0,0,0,0,preparing to relax at 1627,0.35214285714285715
1627,0,0,4098273,41386,0,7312,0,0,0,0,0,preparing to relax at 1629,0.35214285714285715
1628,0,0,4098273,41386,0,7312,0,0,0,0,0,preparing to relax at 1629,0.35214285714285715
1629,0,0,4098273,41386,0,7312,0,0,0,0,0,preparing to relax at 1631,0.35214285714285715
1630,0,0,4098273,41386,0,7312,0,0,0,0,0,preparing to relax at 1631,0.35214285714285715
1631,0,0,4098273,41386,0,7312,0,0,0,0,0,preparing to relax at 1633,0.35214285714285715
1632,0,0,4098273,41386,0,7312,0,0,0,0,0,preparing to relax at 1633,0.35214285714285715
1633,0,0,4098273,41386,0,7312,0,0,0,0,0,preparing to relax at 1635,0.35214285714285715
1634,0,0,4098273,41386,0,7312,0,0,0,0,0,preparing to relax at 1635,0.35214285714285715
1635,0,0,4098273,41386,0,7312,0,0,0,0,0,preparing to relax at 1637,0.35214285714285715
1636,0,0,4098273,41386,0,7312,0,0,0,0,0,preparing to relax at 1637,0.35214285714285715
1637,0,0,4098273,41386,0,7312,0,0,0,0,0,preparing to relax at 1639,0.35214285714285715
1638,0,0,4098273,41386,0,7312,0,0,0,0,0,preparing to relax at 1639,0.35214285714285715
1639,0,0,4098273,41386,0,7312,0,0,0,0,0,preparing to relax at 1641,0.35214285714285715
1640,0,0,4098273,41386,0,7312,0,0,0,0,0,preparing to relax at 1641,0.35214285714285715
1641,0,0,4098273,41386,0,7312,0,0,0,0,0,preparing to relax at 1643,0.35214285714285715
1642,0,0,4098273,41386,0,7312,0,0,0,0,0,preparing to relax at 1643,0.35214285714285715
1643,0,0,4098273,41386,0,7312,0,0,0,0,0,preparing to relax at 1645,0.35214285714285715
1644,0,0,4098273,41386,0,7312,0,0,0,0,0,preparing to relax at 1645,0.35214285714285715
1645,0,0,4098273,41386,0,7312,0,0,0,0,0,preparing to relax at 1647,0.35214285714285715
1646,0,0,4098273,41386,0,7312,0,0,0,0,0,preparing to relax at 1647,0.35214285714285715
1647,0,0,4098273,41386,0,7312,0,0,0,0,0,preparing to relax at 1649,0.35214285714285715
1648,0,0,4098273,41386,0,7312,0,0,0,0,0,preparing to relax at 1649,0.35214285714285715
1649,0,0,4098273,41386,0,7312,0,0,0,0,0,preparing to relax at 1651,0.35214285714285715
1650,0,0,4098273,41386,0,7312,0,0,0,0,0,preparing to relax at 1651,0.35214285714285715
1651,0,0,4098273,41386,0,7312,0,0,0,0,0,preparing to relax at 1653,0.35214285714285715
1652,0,0,4098273,41386,0,7312,0,0,0,0,0,preparing to relax at 1653,0.35214285714285715
1653,0,0,4098273,41386,0,7312,0,0,0,0,0,preparing to relax at 1655,0.35214285714285715
1654,0,0,4098273,41386,0,7312,0,0,0,0,0,preparing to relax at 1655,0.35214285714285715
1655,0,0,4098273,41386,0,7312,0,0,0,0,0,preparing to relax at 1657,0.35214285714285715
1656,0,0,4098273,41386,0,7312,0,0,0,0,0,preparing to relax at 1657,0.35214285714285715
1657,0,0,4098273,41386,0,7312,0,0,0,0,0,preparing to relax at 1659,0.35214285714285715
1658,0,0,4098273,41386,0,7312,0,0,0,0,0,preparing to relax at 1659,0.35214285714285715
1659,0,0,4098273,41386,0,7312,0,0,0,0,0,preparing to relax at 1661,0.35214285714285715
1660,0,0,4098273,41386,0,7312,0,0,0,0,0,preparing to relax at 1661,0.35214285714285715
1661,0,0,4098273,41386,0,7312,0,0,0,0,0,preparing to relax at 1663,0.35214285714285715
1662,0,0,4098273,41386,0,7312,0,0,0,0,0,preparing to relax at 1663,0.35214285714285715
1663,0,0,4098273,41386,0,7312,0,0,0,0,0,preparing to relax at 1665,0.35214285714285715
1664,0,0,4098273,41386,0,7312,0,0,0,0,0,preparing to relax at 1665,0.35214285714285715
1665,0,0,4098273,41386,0,7312,0,0,0,0,0,preparing to relax at 1667,0.35214285714285715
1666,0,0,4098273,41386,0,7312,0,0,0,0,0,preparing to relax at 1667,0.35214285714285715
1667,0,0,4098273,41386,0,7312,0,0,0,0,0,preparing to relax at 1669,0.35214285714285715
1668,0,0,4098273,41386,0,7312,0,0,0,0,0,preparing to relax at 1669,0.35214285714285715
1669,0,0,4098273,41386,0,7312,0,0,0,0,0,preparing to relax at 1671,0.35214285714285715
1670,0,0,4098273,41386,0,7312,0,0,0,0,0,preparing to relax at 1671,0.35214285714285715
1671,0,0,4098273,41386,0,7312,0,0,0,0,0,preparing to relax at 1673,0.35214285714285715
1672,0,0,4098273,41386,0,7312,0,0,0,0,0,preparing to relax at 1673,0.35214285714285715
1673,0,0,4098273,41386,0,7312,0,0,0,0,0,preparing to relax at 1675,0.35214285714285715
1674,0,0,4098273,41386,0,7312,0,0,0,0,0,preparing to relax at 1675,0.35214285714285715
1675,0,0,4098273,41386,0,7312,0,0,0,0,0,preparing to relax at 1677,0.35214285714285715
1676,0,0,4098273,41386,0,7312,0,0,0,0,0,preparing to relax at 1677,0.35214285714285715
1677,0,0,4098273,41386,0,7312,0,0,0,0,0,preparing to relax at 1679,0.35214285714285715
1678,0,0,4098273,41386,0,7312,0,0,0,0,0,preparing to relax at 1679,0.35214285714285715
1679,0,0,4098273,41386,0,7312,0,0,0,0,0,preparing to relax at 1681,0.35214285714285715
1680,0,0,4098273,41386,0,7312,0,0,0,0,0,preparing to relax at 1681,0.35214285714285715
1681,0,0,4098273,41386,0,7312,0,0,0,0,0,preparing to relax at 1683,0.35214285714285715
1682,0,0,4098273,41386,0,7312,0,0,0,0,0,preparing to relax at 1683,0.35214285714285715
1683,0,0,4098273,41386,0,7312,0,0,0,0,0,preparing to relax at 1685,0.35214285714285715
1684,0,0,4098273,41386,0,7312,0,0,0,0,0,preparing to relax at 1685,0.35214285714285715
1685,0,0,4098273,41386,0,7312,0,0,0,0,0,preparing to relax at 1687,0.35214285714285715
1686,0,0,4098273,41386,0,7312,0,0,0,0,0,preparing to relax at 1687,0.35214285714285715
1687,0,0,4098273,41386,0,7312,0,0,0,0,0,preparing to relax at 1689,0.35214285714285715
1688,0,0,4098273,41386,0,7312,0,0,0,0,0,preparing to relax at 1689,0.35214285714285715
1689,0,0,4098273,41386,0,7312,0,0,0,0,0,preparing to relax at 1691,0.35214285714285715
1690,0,0,4098273,41386,0,7312,0,0,0,0,0,preparing to relax at 1691,0.35214285714285715
1691,0,0,4098273,41386,0,7312,0,0,0,0,0,preparing to relax at 1693,0.35214285714285715
1692,0,0,4098273,41386,0,7312,0,0,0,0,0,preparing to relax at 1693,0.35214285714285715
1693,0,0,4098273,41386,0,7312,0,0,0,0,0,preparing to relax at 1695,0.35214285714285715
1694,0,0,4098273,41386,0,7312,0,0,0,0,0,preparing to relax at 1695,0.35214285714285715
1695,0,0,4098273,41386,0,7312,0,0,0,0,0,preparing to relax at 1697,0.35214285714285715
1696,0,0,4098273,41386,0,7312,0,0,0,0,0,preparing to relax at 1697,0.35214285714285715
1697,0,0,4098273,41386,0,7312,0,0,0,0,0,preparing to relax at 1699,0.35214285714285715
1698,0,0,4098273,41386,0,7312,0,0,0,0,0,preparing to relax at 1699,0.35214285714285715
1699,0,0,4098273,41386,0,7312,0,0,0,0,0,preparing to relax at 1701,0.35214285714285715
1700,0,0,4098273,41386,0,7312,0,0,0,0,0,preparing to relax at 1701,0.35214285714285715
1701,0,0,4098273,41386,0,7312,0,0,0,0,0,preparing to relax at 1703,0.35214285714285715
1702,0,0,4098273,41386,0,7312,0,0,0,0,0,preparing to relax at 1703,0.35214285714285715
1703,0,0,4098273,41386,0,7312,0,0,0,0,0,preparing to relax at 1705,0.35214285714285715
1704,0,0,4098273,41386,0,7312,0,0,0,0,0,preparing to relax at 1705,0.35214285714285715
1705,0,0,4098273,41386,0,7312,0,0,0,0,0,preparing to relax at 1707,0.35214285714285715
1706,0,0,4098273,41386,0,7312,0,0,0,0,0,preparing to relax at 1707,0.35214285714285715
1707,0,0,4098273,41386,0,7312,0,0,0,0,0,preparing to relax at 1709,0.35214285714285715
1708,0,0,4098273,41386,0,7312,0,0,0,0,0,preparing to relax at 1709,0.35214285714285715
1709,0,0,4098273,41386,0,7312,0,0,0,0,0,preparing to relax at 1711,0.35214285714285715
1710,0,0,4098273,41386,0,7312,0,0,0,0,0,preparing to relax at 1711,0.35214285714285715
1711,0,0,4098273,41386,0,7312,0,0,0,0,0,preparing to relax at 1713,0.35214285714285715
1712,0,0,4098273,41386,0,7312,0,0,0,0,0,preparing to relax at 1713,0.35214285714285715
1713,0,0,4098273,41386,0,7312,0,0,0,0,0,preparing to relax at 1715,0.35214285714285715
1714,0,0,4098273,41386,0,7312,0,0,0,0,0,preparing to relax at 1715,0.35214285714285715
1715,0,0,4098273,41386,0,7312,0,0,0,0,0,preparing to relax at 1717,0.35214285714285715
1716,0,0,4098273,41386,0,7312,0,0,0,0,0,preparing to relax at 1717,0.35214285714285715
1717,0,0,4098273,41386,0,7312,0,0,0,0,0,preparing to relax at 1719,0.35214285714285715
1718,0,0,4098273,41386,0,7312,0,0,0,0,0,preparing to relax at 1719,0.35214285714285715
1719,0,0,4098273,41386,0,7312,0,0,0,0,0,preparing to relax at 1721,0.35214285714285715
1720,0,0,4098273,41386,0,7312,0,0,0,0,0,preparing to relax at 1721,0.35214285714285715
1721,0,0,4098273,41386,0,7312,0,0,0,0,0,preparing to relax at 1723,0.35214285714285715
1722,0,0,4098273,41386,0,7312,0,0,0,0,0,preparing to relax at 1723,0.35214285714285715
1723,0,0,4098273,41386,0,7312,0,0,0,0,0,preparing to relax at 1725,0.35214285714285715
1724,0,0,4098273,41386,0,7312,0,0,0,0,0,preparing to relax at 1725,0.35214285714285715
1725,0,0,4098273,41386,0,7312,0,0,0,0,0,preparing to relax at 1727,0.35214285714285715
1726,0,0,4098273,41386,0,7312,0,0,0,0,0,preparing to relax at 1727,0.35214285714285715
1727,0,0,4098273,41386,0,7312,0,0,0,0,0,preparing to relax at 1729,0.35214285714285715
1728,0,0,4098273,41386,0,7312,0,0,0,0,0,preparing to relax at 1729,0.35214285714285715
1729,0,0,4098273,41386,0,7312,0,0,0,0,0,preparing to relax at 1731,0.35214285714285715
1730,0,0,4098273,41386,0,7312,0,0,0,0,0,preparing to relax at 1731,0.35214285714285715
1731,0,0,4098273,41386,0,7312,0,0,0,0,0,preparing to relax at 1733,0.35214285714285715
1732,0,0,4098273,41386,0,7312,0,0,0,0,0,preparing to relax at 1733,0.35214285714285715
1733,0,0,4098273,41386,0,7312,0,0,0,0,0,preparing to relax at 1735,0.35214285714285715
1734,0,0,4098273,41386,0,7312,0,0,0,0,0,preparing to relax at 1735,0.35214285714285715
1735,0,0,4098273,41386,0,7312,0,0,0,0,0,preparing to relax at 1737,0.35214285714285715
1736,0,0,4098273,41386,0,7312,0,0,0,0,0,preparing to relax at 1737,0.35214285714285715
1737,0,0,4098273,41386,0,7312,0,0,0,0,0,preparing to relax at 1739,0.35214285714285715
1738,0,0,4098273,41386,0,7312,0,0,0,0,0,preparing to relax at 1739,0.35214285714285715
1739,0,0,4098273,41386,0,7312,0,0,0,0,0,preparing to relax at 1741,0.35214285714285715
1740,0,0,4098273,41386,0,7312,0,0,0,0,0,preparing to relax at 1741,0.35214285714285715
1741,0,0,4098273,41386,0,7312,0,0,0,0,0,preparing to relax at 1743,0.35214285714285715
1742,0,0,4098273,41386,0,7312,0,0,0,0,0,preparing to relax at 1743,0.35214285714285715
1743,0,0,4098273,41386,0,7312,0,0,0,0,0,preparing to relax at 1745,0.35214285714285715
1744,0,0,4098273,41386,0,7312,0,0,0,0,0,preparing to relax at 1745,0.35214285714285715
1745,0,0,4098273,41386,0,7312,0,0,0,0,0,preparing to relax at 1747,0.35214285714285715
1746,0,0,4098273,41386,0,7312,0,0,0,0,0,preparing to relax at 1747,0.35214285714285715
1747,0,0,4098273,41386,0,7312,0,0,0,0,0,preparing to relax at 1749,0.35214285714285715
1748,0,0,4098273,41386,0,7312,0,0,0,0,0,preparing to relax at 1749,0.35214285714285715
1749,0,0,4098273,41386,0,7312,0,0,0,0,0,preparing to relax at 1751,0.35214285714285715
1750,0,0,4098273,41386,0,7312,0,0,0,0,0,preparing to relax at 1751,0.35214285714285715
1751,0,0,4098273,41386,0,7312,0,0,0,0,0,preparing to relax at 1753,0.35214285714285715
1752,0,0,4098273,41386,0,7312,0,0,0,0,0,preparing to relax at 1753,0.35214285714285715
1753,0,0,4098273,41386,0,7312,0,0,0,0,0,preparing to relax at 1755,0.35214285714285715
1754,0,0,4098273,41386,0,7312,0,0,0,0,0,preparing to relax at 1755,0.35214285714285715
1755,0,0,4098273,41386,0,7312,0,0,0,0,0,preparing to relax at 1757,0.35214285714285715
1756,0,0,4098273,41386,0,7312,0,0,0,0,0,preparing to relax at 1757,0.35214285714285715
1757,0,0,4098273,41386,0,7312,0,0,0,0,0,preparing to relax at 1759,0.35214285714285715
1758,0,0,4098273,41386,0,7312,0,0,0,0,0,preparing to relax at 1759,0.35214285714285715
1759,0,0,4098273,41386,0,7312,0,0,0,0,0,preparing to relax at 1761,0.35214285714285715
1760,0,0,4098273,41386,0,7312,0,0,0,0,0,preparing to relax at 1761,0.35214285714285715
1761,0,0,4098273,41386,0,7312,0,0,0,0,0,preparing to relax at 1763,0.35214285714285715
1762,0,0,4098273,41386,0,7312,0,0,0,0,0,preparing to relax at 1763,0.35214285714285715
1763,0,0,4098273,41386,0,7312,0,0,0,0,0,preparing to relax at 1765,0.35214285714285715
1764,0,0,4098273,41386,0,7312,0,0,0,0,0,preparing to relax at 1765,0.35214285714285715
1765,0,0,4098273,41386,0,7312,0,0,0,0,0,preparing to relax at 1767,0.35214285714285715
1766,0,0,4098273,41386,0,7312,0,0,0,0,0,preparing to relax at 1767,0.35214285714285715
1767,0,0,4098273,41386,0,7312,0,0,0,0,0,preparing to relax at 1769,0.35214285714285715
1768,0,0,4098273,41386,0,7312,0,0,0,0,0,preparing to relax at 1769,0.35214285714285715
1769,0,0,4098273,41386,0,7312,0,0,0,0,0,preparing to relax at 1771,0.35214285714285715
1770,0,0,4098273,41386,0,7312,0,0,0,0,0,preparing to relax at 1771,0.35214285714285715
1771,0,0,4098273,41386,0,7312,0,0,0,0,0,preparing to relax at 1773,0.35214285714285715
1772,0,0,4098273,41386,0,7312,0,0,0,0,0,preparing to relax at 1773,0.35214285714285715
1773,0,0,4098273,41386,0,7312,0,0,0,0,0,preparing to relax at 1775,0.35214285714285715
1774,0,0,4098273,41386,0,7312,0,0,0,0,0,preparing to relax at 1775,0.35214285714285715
1775,0,0,4098273,41386,0,7312,0,0,0,0,0,preparing to relax at 1777,0.35214285714285715
1776,0,0,4098273,41386,0,7312,0,0,0,0,0,preparing to relax at 1777,0.35214285714285715
1777,0,0,4098273,41386,0,7312,0,0,0,0,0,preparing to relax at 1779,0.35214285714285715
1778,0,0,4098273,41386,0,7312,0,0,0,0,0,preparing to relax at 1779,0.35214285714285715
1779,0,0,4098273,41386,0,7312,0,0,0,0,0,preparing to relax at 1781,0.35214285714285715
1780,0,0,4098273,41386,0,7312,0,0,0,0,0,preparing to relax at 1781,0.35214285714285715
1781,0,0,4098273,41386,0,7312,0,0,0,0,0,preparing to relax at 1783,0.35214285714285715
1782,0,0,4098273,41386,0,7312,0,0,0,0,0,preparing to relax at 1783,0.35214285714285715
1783,0,0,4098273,41386,0,7312,0,0,0,0,0,preparing to relax at 1785,0.35214285714285715
1784,0,0,4098273,41386,0,7312,0,0,0,0,0,preparing to relax at 1785,0.35214285714285715
1785,0,0,4098273,41386,0,7312,0,0,0,0,0,preparing to relax at 1787,0.35214285714285715
1786,0,0,4098273,41386,0,7312,0,0,0,0,0,preparing to relax at 1787,0.35214285714285715
1787,0,0,4098273,41386,0,7312,0,0,0,0,0,preparing to relax at 1789,0.35214285714285715
1788,0,0,4098273,41386,0,7312,0,0,0,0,0,preparing to relax at 1789,0.35214285714285715
1789,0,0,4098273,41386,0,7312,0,0,0,0,0,preparing to relax at 1791,0.35214285714285715
1790,0,0,4098273,41386,0,7312,0,0,0,0,0,preparing to relax at 1791,0.35214285714285715
1791,0,0,4098273,41386,0,7312,0,0,0,0,0,preparing to relax at 1793,0.35214285714285715
1792,0,0,4098273,41386,0,7312,0,0,0,0,0,preparing to relax at 1793,0.35214285714285715
1793,0,0,4098273,41386,0,7312,0,0,0,0,0,preparing to relax at 1795,0.35214285714285715
1794,0,0,4098273,41386,0,7312,0,0,0,0,0,preparing to relax at 1795,0.35214285714285715
1795,0,0,4098273,41386,0,7312,0,0,0,0,0,preparing to relax at 1797,0.35214285714285715
1796,0,0,4098273,41386,0,7312,0,0,0,0,0,preparing to relax at 1797,0.35214285714285715
1797,0,0,4098273,41386,0,7312,0,0,0,0,0,preparing to relax at 1799,0.35214285714285715
1798,0,0,4098273,41386,0,7312,0,0,0,0,0,preparing to relax at 1799,0.35214285714285715
1799,0,0,4098273,41386,0,7312,0,0,0,0,0,preparing to relax at 1801,0.35214285714285715
1800,0,0,4098273,41386,0,7312,0,0,0,0,0,preparing to relax at 1801,0.35214285714285715
1801,0,0,4098273,41386,0,7312,0,0,0,0,0,preparing to relax at 1803,0.35214285714285715
1802,0,0,4098273,41386,0,7312,0,0,0,0,0,preparing to relax at 1803,0.35214285714285715
1803,0,0,4098273,41386,0,7312,0,0,0,0,0,preparing to relax at 1805,0.35214285714285715
1804,0,0,4098273,41386,0,7312,0,0,0,0,0,preparing to relax at 1805,0.35214285714285715
1805,0,0,4098273,41386,0,7312,0,0,0,0,0,preparing to relax at 1807,0.35214285714285715
1806,0,0,4098273,41386,0,7312,0,0,0,0,0,preparing to relax at 1807,0.35214285714285715
1807,0,0,4098273,41386,0,7312,0,0,0,0,0,preparing to relax at 1809,0.35214285714285715
1808,0,0,4098273,41386,0,7312,0,0,0,0,0,preparing to relax at 1809,0.35214285714285715
1809,0,0,4098273,41386,0,7312,0,0,0,0,0,preparing to relax at 1811,0.35214285714285715
1810,0,0,4098273,41386,0,7312,0,0,0,0,0,preparing to relax at 1811,0.35214285714285715
1811,0,0,4098273,41386,0,7312,0,0,0,0,0,preparing to relax at 1813,0.35214285714285715
1812,0,0,4098273,41386,0,7312,0,0,0,0,0,preparing to relax at 1813,0.35214285714285715
1813,0,0,4098273,41386,0,7312,0,0,0,0,0,preparing to relax at 1815,0.35214285714285715
1814,0,0,4098273,41386,0,7312,0,0,0,0,0,preparing to relax at 1815,0.35214285714285715
1815,0,0,4098273,41386,0,7312,0,0,0,0,0,preparing to relax at 1817,0.35214285714285715
1816,0,0,4098273,41386,0,7312,0,0,0,0,0,preparing to relax at 1817,0.35214285714285715
1817,0,0,4098273,41386,0,7312,0,0,0,0,0,preparing to relax at 1819,0.35214285714285715
1818,0,0,4098273,41386,0,7312,0,0,0,0,0,preparing to relax at 1819,0.35214285714285715
1819,0,0,4098273,41386,0,7312,0,0,0,0,0,preparing to relax at 1821,0.35214285714285715
1820,0,0,4098273,41386,0,7312,0,0,0,0,0,preparing to relax at 1821,0.35214285714285715
1821,0,0,4098273,41386,0,7312,0,0,0,0,0,preparing to relax at 1823,0.35214285714285715
1822,0,0,4098273,41386,0,7312,0,0,0,0,0,preparing to relax at 1823,0.35214285714285715
1823,0,0,4098273,41386,0,7312,0,0,0,0,0,preparing to relax at 1825,0.35214285714285715
1824,0,0,4098273,41386,0,7312,0,0,0,0,0,preparing to relax at 1825,0.35214285714285715
